0.000000000000000000e+00 3.677888249319999886e+03 2.990698535080000056e+03 8.131564453149999760e-01 0.000000000000000000e+00
3.000000000000000062e-03 4.935298431709999932e+03 5.414354151149999780e+03 1.097067224219999915e+00 0.000000000000000000e+00
6.000000000000000125e-03 4.531208431860000019e+03 1.933733811600000081e+03 4.267589630170000037e-01 0.000000000000000000e+00
1.200000000000000025e-02 4.717897113990000435e+03 3.658383328209999945e+03 7.754266868939999613e-01 0.000000000000000000e+00
2.500000000000000000e-01 3.903990433240000129e+03 2.254525937429999885e+03 5.774926901039999505e-01 0.000000000000000000e+00
0.000000000000000000e+00 3.620182312360000196e+03 4.596770656229999986e+03 1.269762199689999926e+00 -1.000000000000000000e+00
3.000000000000000062e-03 5.130292520300000433e+03 2.814991837409999789e+03 5.487000646199999832e-01 -1.000000000000000000e+00
6.000000000000000125e-03 4.891328123829999640e+03 3.655099979319999875e+03 7.472612523189999800e-01 -1.000000000000000000e+00
1.200000000000000025e-02 4.802042351359999884e+03 2.892241566659999989e+03 6.022940563699999972e-01 -1.000000000000000000e+00
2.500000000000000000e-01 4.871740357100000438e+03 3.153189959989999807e+03 6.472409711640000340e-01 -1.000000000000000000e+00
0.000000000000000000e+00 3.653624670950000109e+03 3.298891328359999989e+03 9.029091998939999808e-01 -1.000000000000000000e+00
3.000000000000000062e-03 5.348238468130000001e+03 4.185921788749999905e+03 7.826729891899999458e-01 -1.000000000000000000e+00
6.000000000000000125e-03 5.064710460760000387e+03 3.698803085890000148e+03 7.303088921970000147e-01 -1.000000000000000000e+00
1.200000000000000025e-02 5.548845792199999778e+03 5.078365695530000266e+03 9.152111782720000477e-01 -1.000000000000000000e+00
2.500000000000000000e-01 5.007480928140000287e+03 3.516861495820000073e+03 7.023214958360000093e-01 -1.000000000000000000e+00
0.000000000000000000e+00 3.157500590080000165e+03 6.017248349339999550e+03 1.905699833669999954e+00 -1.000000000000000000e+00
3.000000000000000062e-03 5.421444469740000386e+03 4.526716739290000078e+03 8.349650659630000193e-01 -1.000000000000000000e+00
6.000000000000000125e-03 4.860018113299999641e+03 4.741690945209999882e+03 9.756529368149999826e-01 -1.000000000000000000e+00
1.200000000000000025e-02 4.823184275049999997e+03 5.110162672350000321e+03 1.059499778760000011e+00 -1.000000000000000000e+00
2.500000000000000000e-01 5.248458420089999890e+03 3.998173872649999794e+03 7.617806130180000412e-01 -1.000000000000000000e+00
0.000000000000000000e+00 3.519123543010000049e+03 2.896638304220000009e+03 8.231135590489999654e-01 -1.000000000000000000e+00
3.000000000000000062e-03 4.779052238059999581e+03 7.554891553569999814e+03 1.580834687969999930e+00 -1.000000000000000000e+00
6.000000000000000125e-03 5.609030906639999557e+03 4.653376666299999670e+03 8.296222188390000030e-01 -1.000000000000000000e+00
1.200000000000000025e-02 4.803948596070000349e+03 5.155426196479999817e+03 1.073164313349999954e+00 -1.000000000000000000e+00
2.500000000000000000e-01 4.661727447309999661e+03 2.480668560059999891e+03 5.321350482400000192e-01 -1.000000000000000000e+00
0.000000000000000000e+00 3.796078487000000223e+03 4.495152793520000159e+03 1.184156968549999966e+00 -1.000000000000000000e+00
3.000000000000000062e-03 5.198327068100000361e+03 2.438064714539999841e+03 4.690094875920000073e-01 -1.000000000000000000e+00
6.000000000000000125e-03 6.036235079789999872e+03 4.522011452220000137e+03 7.491443577740000137e-01 -1.000000000000000000e+00
1.200000000000000025e-02 4.981157168820000152e+03 3.935200710049999998e+03 7.900173748150000064e-01 -1.000000000000000000e+00
2.500000000000000000e-01 5.031703157369999644e+03 2.951291827370000192e+03 5.865393357010000308e-01 -1.000000000000000000e+00
0.000000000000000000e+00 3.676909793679999893e+03 5.210171893120000277e+03 1.416997474910000054e+00 -1.000000000000000000e+00
3.000000000000000062e-03 5.057340214150000065e+03 5.991344877780000388e+03 1.184682980400000085e+00 -1.000000000000000000e+00
6.000000000000000125e-03 4.415236842389999765e+03 3.155633208470000227e+03 7.147143677939999939e-01 -1.000000000000000000e+00
1.200000000000000025e-02 5.433410706939999727e+03 3.292810068729999784e+03 6.060300327600000037e-01 -1.000000000000000000e+00
2.500000000000000000e-01 4.062279218470000160e+03 2.364900674770000023e+03 5.821610351199999478e-01 -1.000000000000000000e+00
0.000000000000000000e+00 4.037244824630000039e+03 4.619184759449999547e+03 1.144142840009999995e+00 -1.000000000000000000e+00
3.000000000000000062e-03 5.401761827360000098e+03 4.567321527009999954e+03 8.455244183250000267e-01 -1.000000000000000000e+00
6.000000000000000125e-03 4.011426030300000093e+03 4.305239649520000057e+03 1.073244182240000066e+00 -1.000000000000000000e+00
1.200000000000000025e-02 4.181580940699999701e+03 4.466120462849999967e+03 1.068045920000000093e+00 -1.000000000000000000e+00
2.500000000000000000e-01 5.000311901809999654e+03 2.814881673970000065e+03 5.629412183159999694e-01 -1.000000000000000000e+00
0.000000000000000000e+00 3.558154377400000158e+03 2.947804902459999994e+03 8.284645886039999629e-01 -1.000000000000000000e+00
3.000000000000000062e-03 5.327833818979999705e+03 3.534226916600000095e+03 6.633515677639999497e-01 -1.000000000000000000e+00
1.200000000000000025e-02 4.921061009590000140e+03 5.309805464789999860e+03 1.078996064959999890e+00 -1.000000000000000000e+00
2.500000000000000000e-01 5.236153319560000455e+03 2.018693050600000106e+03 3.855297825330000205e-01 -1.000000000000000000e+00
0.000000000000000000e+00 3.025609655709999970e+03 3.813554845770000156e+03 1.260425262909999899e+00 -1.000000000000000000e+00
3.000000000000000062e-03 5.283442995800000062e+03 4.338828066979999676e+03 8.212122417939999863e-01 -1.000000000000000000e+00
6.000000000000000125e-03 2.562516160419999869e+04 1.110263286999999946e+04 4.332707454299999927e-01 -1.000000000000000000e+00
1.200000000000000025e-02 1.395761598550000053e+04 6.633602663990000110e+03 4.752676009189999995e-01 -1.000000000000000000e+00
2.500000000000000000e-01 4.251884047829999872e+03 3.131150737599999957e+03 7.364148933459999657e-01 -1.000000000000000000e+00
0.000000000000000000e+00 3.961189782649999870e+03 3.655825583140000163e+03 9.229109898109999488e-01 0.000000000000000000e+00
2.400000000000000050e-02 5.182476502299999993e+03 4.002279081029999816e+03 7.722715345170000356e-01 0.000000000000000000e+00
4.800000000000000100e-02 2.324027583159999995e+04 1.121713959140000043e+04 4.826594861740000075e-01 0.000000000000000000e+00
9.600000000000000200e-02 5.125725104930000271e+03 4.133197005099999842e+03 8.063633769829999798e-01 0.000000000000000000e+00
0.000000000000000000e+00 2.420605649919999905e+03 2.908783955460000016e+03 1.201676099349999971e+00 -1.000000000000000000e+00
2.400000000000000050e-02 5.034281491560000177e+03 4.182077401200000168e+03 8.307198173580000455e-01 -1.000000000000000000e+00
4.800000000000000100e-02 4.368239490029999615e+03 4.116293538959999751e+03 9.423232284650000512e-01 -1.000000000000000000e+00
9.600000000000000200e-02 4.257032039929999883e+03 3.178270537590000004e+03 7.465930506919999932e-01 -1.000000000000000000e+00
0.000000000000000000e+00 3.215858729439999934e+03 3.912714346920000025e+03 1.216693479439999948e+00 -1.000000000000000000e+00
2.400000000000000050e-02 5.599758879250000064e+03 3.926730576060000203e+03 7.012320817249999561e-01 -1.000000000000000000e+00
4.800000000000000100e-02 5.169389029930000106e+03 4.035961171550000017e+03 7.807423949299999721e-01 -1.000000000000000000e+00
9.600000000000000200e-02 5.332249608369999805e+03 4.813336874929999794e+03 9.026840880399999989e-01 -1.000000000000000000e+00
0.000000000000000000e+00 3.510987724969999817e+03 4.187132855660000132e+03 1.192579747819999980e+00 -1.000000000000000000e+00
2.400000000000000050e-02 4.566866336320000300e+03 4.244687536669999645e+03 9.294529824339999857e-01 -1.000000000000000000e+00
4.800000000000000100e-02 5.488536543539999911e+03 3.288320026490000146e+03 5.991251038239999716e-01 -1.000000000000000000e+00
9.600000000000000200e-02 4.571894039949999751e+03 4.185663280249999843e+03 9.155206231110000203e-01 -1.000000000000000000e+00
0.000000000000000000e+00 3.040544456470000114e+03 6.054625926810000237e+03 1.991296629110000049e+00 -1.000000000000000000e+00
2.400000000000000050e-02 5.189850148870000339e+03 2.995638776339999822e+03 5.772110350810000234e-01 -1.000000000000000000e+00
4.800000000000000100e-02 4.773975761089999651e+03 4.079160544500000015e+03 8.544577410189999611e-01 -1.000000000000000000e+00
9.600000000000000200e-02 4.451080567910000354e+03 3.785764956999999868e+03 8.505271695810000532e-01 -1.000000000000000000e+00
0.000000000000000000e+00 2.710924595309999859e+03 5.873658308830000351e+03 2.166662370100000068e+00 -1.000000000000000000e+00
2.400000000000000050e-02 4.402934730179999860e+03 4.956377417599999717e+03 1.125698589990000054e+00 -1.000000000000000000e+00
4.800000000000000100e-02 4.578871545349999906e+03 3.368383348570000180e+03 7.356361311300000372e-01 -1.000000000000000000e+00
9.600000000000000200e-02 4.924916095370000221e+03 5.373379040230000101e+03 1.091060017300000018e+00 -1.000000000000000000e+00
0.000000000000000000e+00 3.497012524690000191e+03 5.103370637979999628e+03 1.459351547060000032e+00 -1.000000000000000000e+00
2.400000000000000050e-02 4.793614398609999625e+03 3.102898800389999906e+03 6.472983728710000051e-01 -1.000000000000000000e+00
4.800000000000000100e-02 5.267210786960000405e+03 4.396329889800000274e+03 8.346599495669999591e-01 -1.000000000000000000e+00
9.600000000000000200e-02 4.809938703009999699e+03 3.723982633629999782e+03 7.742266302270000011e-01 -1.000000000000000000e+00
0.000000000000000000e+00 3.078716218290000143e+03 3.634938383759999851e+03 1.180666916350000095e+00 -1.000000000000000000e+00
2.400000000000000050e-02 5.077687917139999627e+03 4.494464498420000382e+03 8.851399636540000504e-01 -1.000000000000000000e+00
4.800000000000000100e-02 4.639696166980000271e+03 3.023067190100000062e+03 6.515657666580000340e-01 -1.000000000000000000e+00
9.600000000000000200e-02 5.116027457770000183e+03 3.478608040040000105e+03 6.799431920099999749e-01 -1.000000000000000000e+00
0.000000000000000000e+00 2.929532190599999922e+03 3.169382265820000157e+03 1.081873165960000049e+00 -1.000000000000000000e+00
2.400000000000000050e-02 5.742947343189999629e+03 4.013287866170000143e+03 6.988202444379999489e-01 -1.000000000000000000e+00
4.800000000000000100e-02 4.853497045449999860e+03 2.937293983800000206e+03 6.051912582399999740e-01 -1.000000000000000000e+00
9.600000000000000200e-02 4.690714932580000095e+03 4.433263388819999818e+03 9.451146472420000055e-01 -1.000000000000000000e+00
0.000000000000000000e+00 3.455792130599999837e+03 3.788450149679999868e+03 1.096261003700000014e+00 -1.000000000000000000e+00
2.400000000000000050e-02 4.930163731329999791e+03 4.054716359139999895e+03 8.224303654190000534e-01 -1.000000000000000000e+00
4.800000000000000100e-02 4.846791493529999570e+03 4.388243798139999853e+03 9.053914953820000333e-01 -1.000000000000000000e+00
9.600000000000000200e-02 4.173774527360000320e+03 2.076088358009999865e+03 4.974126763200000245e-01 -1.000000000000000000e+00
