  0.00	1486.41	 40.00	  4.00	-128.81	  7.00	  7.00	  7.00	  1.00	  0.00	271.13	  0.44
  0.00	1486.41	 40.00	  4.00	-128.81	  7.00	  7.00	  7.00	  1.00	  0.00	 50.52	  0.44
  0.00	1486.41	 40.00	  4.00	-128.81	  7.00	  7.00	  7.00	  1.00	  0.00	795.70	  0.44
  0.00	  0.00	 40.00	  4.00	-128.81	  7.00	  7.00	  7.00	  1.00	  0.00	316.98	  0.42
  0.00	  0.00	 40.00	  4.00	-128.81	  7.00	  7.00	  7.00	  1.00	  0.00	 58.22	  0.42
  0.00	  0.00	 40.00	  4.00	-128.81	  7.00	  7.00	  7.00	  1.00	  0.00	 67.16	  0.42
  0.00	1486.41	 40.00	  4.00	-116.52	  7.00	  7.00	  7.00	  1.00	  0.00	 65.14	  1.71
  0.00	1486.41	 40.00	  4.00	-116.52	  7.00	  7.00	  7.00	  1.00	  0.00	206.09	  1.71
  0.00	1486.41	 40.00	  4.00	-116.52	  7.00	  7.00	  7.00	  1.00	  0.00	412.92	  1.71
  0.00	  0.00	 40.00	  4.00	-116.52	  7.00	  7.00	  7.00	  1.00	  0.00	473.51	  1.62
  0.00	  0.00	 40.00	  4.00	-116.52	  7.00	  7.00	  7.00	  1.00	  0.00	115.32	  1.62
  0.00	  0.00	 40.00	  4.00	-116.52	  7.00	  7.00	  7.00	  1.00	  0.00	 86.97	  1.62
  0.00	1486.41	 40.00	  4.00	-104.22	  7.00	  7.00	  7.00	  1.00	  0.00	107.71	  3.74
  0.00	1486.41	 40.00	  4.00	-104.22	  7.00	  7.00	  7.00	  1.00	  0.00	100.54	  3.74
  0.00	1486.41	 40.00	  4.00	-104.22	  7.00	  7.00	  7.00	  1.00	  0.00	627.52	  3.74
  0.00	  0.00	 40.00	  4.00	-104.22	  7.00	  7.00	  7.00	  1.00	  0.00	 58.22	  3.54
  0.00	  0.00	 40.00	  4.00	-104.22	  7.00	  7.00	  7.00	  1.00	  0.00	  9.66	  3.54
  0.00	  0.00	 40.00	  4.00	-104.22	  7.00	  7.00	  7.00	  1.00	  0.00	161.72	  3.54
  0.00	1486.41	 40.00	  4.00	-91.93	  7.00	  7.00	  7.00	  1.00	  0.00	357.26	  5.96
  0.00	1486.41	 40.00	  4.00	-91.93	  7.00	  7.00	  7.00	  1.00	  0.00	112.66	  5.96
  0.00	1486.41	 40.00	  4.00	-91.93	  7.00	  7.00	  7.00	  1.00	  0.00	648.91	  5.96
  0.00	  0.00	 40.00	  4.00	-91.93	  7.00	  7.00	  7.00	  1.00	  0.00	184.00	  5.64
  0.00	  0.00	 40.00	  4.00	-91.93	  7.00	  7.00	  7.00	  1.00	  0.00	358.50	  5.64
  0.00	  0.00	 40.00	  4.00	-91.93	  7.00	  7.00	  7.00	  1.00	  0.00	661.35	  5.64
  0.00	1486.41	 40.00	  4.00	-79.63	  7.00	  7.00	  7.00	  1.00	  0.00	 35.69	  7.74
  0.00	1486.41	 40.00	  4.00	-79.63	  7.00	  7.00	  7.00	  1.00	  0.00	 19.11	  7.74
  0.00	1486.41	 40.00	  4.00	-79.63	  7.00	  7.00	  7.00	  1.00	  0.00	 15.59	  7.74
  0.00	  0.00	 40.00	  4.00	-79.63	  7.00	  7.00	  7.00	  1.00	  0.00	782.74	  7.32
  0.00	  0.00	 40.00	  4.00	-79.63	  7.00	  7.00	  7.00	  1.00	  0.00	782.74	  7.32
  0.00	  0.00	 40.00	  4.00	-79.63	  7.00	  7.00	  7.00	  1.00	  0.00	 42.25	  7.32
  0.00	1486.41	 40.00	  4.00	-67.33	  7.00	  7.00	  7.00	  1.00	  0.00	 51.50	  8.56
  0.00	1486.41	 40.00	  4.00	-67.33	  7.00	  7.00	  7.00	  1.00	  0.00	271.64	  8.56
  0.00	1486.41	 40.00	  4.00	-67.33	  7.00	  7.00	  7.00	  1.00	  0.00	710.36	  8.56
  0.00	  0.00	 40.00	  4.00	-67.33	  7.00	  7.00	  7.00	  1.00	  0.00	  0.00	  8.09
  0.00	  0.00	 40.00	  4.00	-67.33	  7.00	  7.00	  7.00	  1.00	  0.00	 42.25	  8.09
  0.00	  0.00	 40.00	  4.00	-67.33	  7.00	  7.00	  7.00	  1.00	  0.00	259.47	  8.09
  0.00	1486.41	 40.00	  4.00	-55.04	  7.00	  7.00	  7.00	  1.00	  0.00	546.44	  8.19
  0.00	1486.41	 40.00	  4.00	-55.04	  7.00	  7.00	  7.00	  1.00	  0.00	429.47	  8.19
  0.00	1486.41	 40.00	  4.00	-55.04	  7.00	  7.00	  7.00	  1.00	  0.00	441.27	  8.19
  0.00	  0.00	 40.00	  4.00	-55.04	  7.00	  7.00	  7.00	  1.00	  0.00	1498.95	  7.75
  0.00	  0.00	 40.00	  4.00	-55.04	  7.00	  7.00	  7.00	  1.00	  0.00	207.72	  7.75
  0.00	  0.00	 40.00	  4.00	-55.04	  7.00	  7.00	  7.00	  1.00	  0.00	473.51	  7.75
  0.00	1486.41	 40.00	  4.00	-42.74	  7.00	  7.00	  7.00	  1.00	  0.00	 85.35	  6.74
  0.00	1486.41	 40.00	  4.00	-42.74	  7.00	  7.00	  7.00	  1.00	  0.00	888.02	  6.74
  0.00	1486.41	 40.00	  4.00	-42.74	  7.00	  7.00	  7.00	  1.00	  0.00	526.01	  6.74
  0.00	  0.00	 40.00	  4.00	-42.74	  7.00	  7.00	  7.00	  1.00	  0.00	782.74	  6.37
  0.00	  0.00	 40.00	  4.00	-42.74	  7.00	  7.00	  7.00	  1.00	  0.00	127.78	  6.37
  0.00	  0.00	 40.00	  4.00	-42.74	  7.00	  7.00	  7.00	  1.00	  0.00	 15.65	  6.37
  0.00	1486.41	 40.00	  4.00	-30.45	  7.00	  7.00	  7.00	  1.00	  0.00	 22.80	  4.62
  0.00	1486.41	 40.00	  4.00	-30.45	  7.00	  7.00	  7.00	  1.00	  0.00	232.28	  4.62
  0.00	1486.41	 40.00	  4.00	-30.45	  7.00	  7.00	  7.00	  1.00	  0.00	438.11	  4.62
  0.00	  0.00	 40.00	  4.00	-30.45	  7.00	  7.00	  7.00	  1.00	  0.00	437.33	  4.37
  0.00	  0.00	 40.00	  4.00	-30.45	  7.00	  7.00	  7.00	  1.00	  0.00	751.43	  4.37
  0.00	  0.00	 40.00	  4.00	-30.45	  7.00	  7.00	  7.00	  1.00	  0.00	127.78	  4.37
  0.00	1486.41	 40.00	  4.00	-18.15	  7.00	  7.00	  7.00	  1.00	  0.00	168.24	  2.43
  0.00	1486.41	 40.00	  4.00	-18.15	  7.00	  7.00	  7.00	  1.00	  0.00	233.76	  2.43
  0.00	1486.41	 40.00	  4.00	-18.15	  7.00	  7.00	  7.00	  1.00	  0.00	 98.08	  2.43
  0.00	  0.00	 40.00	  4.00	-18.15	  7.00	  7.00	  7.00	  1.00	  0.00	176.42	  2.30
  0.00	  0.00	 40.00	  4.00	-18.15	  7.00	  7.00	  7.00	  1.00	  0.00	224.34	  2.30
  0.00	  0.00	 40.00	  4.00	-18.15	  7.00	  7.00	  7.00	  1.00	  0.00	646.89	  2.30
  0.00	1486.41	 40.00	  4.00	 -5.86	  7.00	  7.00	  7.00	  1.00	  0.00	 71.26	  0.81
  0.00	1486.41	 40.00	  4.00	 -5.86	  7.00	  7.00	  7.00	  1.00	  0.00	933.25	  0.81
  0.00	1486.41	 40.00	  4.00	 -5.86	  7.00	  7.00	  7.00	  1.00	  0.00	612.87	  0.81
  0.00	  0.00	 40.00	  4.00	 -5.86	  7.00	  7.00	  7.00	  1.00	  0.00	 25.88	  0.77
  0.00	  0.00	 40.00	  4.00	 -5.86	  7.00	  7.00	  7.00	  1.00	  0.00	176.42	  0.77
  0.00	  0.00	 40.00	  4.00	 -5.86	  7.00	  7.00	  7.00	  1.00	  0.00	 71.88	  0.77
  0.00	1486.41	 40.00	  4.00	  6.44	  7.00	  7.00	  7.00	  1.00	  0.00	157.10	  0.22
  0.00	1486.41	 40.00	  4.00	  6.44	  7.00	  7.00	  7.00	  1.00	  0.00	710.04	  0.22
  0.00	1486.41	 40.00	  4.00	  6.44	  7.00	  7.00	  7.00	  1.00	  0.00	525.81	  0.22
  0.00	  0.00	 40.00	  4.00	  6.44	  7.00	  7.00	  7.00	  1.00	  0.00	 76.75	  0.20
  0.00	  0.00	 40.00	  4.00	  6.44	  7.00	  7.00	  7.00	  1.00	  0.00	347.88	  0.20
  0.00	  0.00	 40.00	  4.00	  6.44	  7.00	  7.00	  7.00	  1.00	  0.00	347.88	  0.20
  0.00	1486.41	 40.00	  8.00	-128.81	  7.00	  7.00	  7.00	  1.00	  0.00	135.04	  0.44
  0.00	1486.41	 40.00	  8.00	-128.81	  7.00	  7.00	  7.00	  1.00	  0.00	136.29	  0.44
  0.00	1486.41	 40.00	  8.00	-128.81	  7.00	  7.00	  7.00	  1.00	  0.00	158.21	  0.44
  0.00	  0.00	 40.00	  8.00	-128.81	  7.00	  7.00	  7.00	  1.00	  0.00	 35.22	  0.42
  0.00	  0.00	 40.00	  8.00	-128.81	  7.00	  7.00	  7.00	  1.00	  0.00	2147.99	  0.42
  0.00	  0.00	 40.00	  8.00	-128.81	  7.00	  7.00	  7.00	  1.00	  0.00	3099.40	  0.42
  0.00	1486.41	 40.00	  8.00	-116.52	  7.00	  7.00	  7.00	  1.00	  0.00	119.33	  1.71
  0.00	1486.41	 40.00	  8.00	-116.52	  7.00	  7.00	  7.00	  1.00	  0.00	586.52	  1.71
  0.00	1486.41	 40.00	  8.00	-116.52	  7.00	  7.00	  7.00	  1.00	  0.00	 19.53	  1.71
  0.00	  0.00	 40.00	  8.00	-116.52	  7.00	  7.00	  7.00	  1.00	  0.00	4043.06	  1.62
  0.00	  0.00	 40.00	  8.00	-116.52	  7.00	  7.00	  7.00	  1.00	  0.00	2913.48	  1.62
  0.00	  0.00	 40.00	  8.00	-116.52	  7.00	  7.00	  7.00	  1.00	  0.00	2674.53	  1.62
  0.00	1486.41	 40.00	  8.00	-104.22	  7.00	  7.00	  7.00	  1.00	  0.00	 80.56	  3.74
  0.00	1486.41	 40.00	  8.00	-104.22	  7.00	  7.00	  7.00	  1.00	  0.00	145.90	  3.74
  0.00	1486.41	 40.00	  8.00	-104.22	  7.00	  7.00	  7.00	  1.00	  0.00	 66.97	  3.74
  0.00	  0.00	 40.00	  8.00	-104.22	  7.00	  7.00	  7.00	  1.00	  0.00	250.45	  3.54
  0.00	  0.00	 40.00	  8.00	-104.22	  7.00	  7.00	  7.00	  1.00	  0.00	1188.68	  3.54
  0.00	  0.00	 40.00	  8.00	-104.22	  7.00	  7.00	  7.00	  1.00	  0.00	646.89	  3.54
  0.00	1486.41	 40.00	  8.00	-91.93	  7.00	  7.00	  7.00	  1.00	  0.00	389.30	  5.96
  0.00	1486.41	 40.00	  8.00	-91.93	  7.00	  7.00	  7.00	  1.00	  0.00	129.69	  5.96
  0.00	1486.41	 40.00	  8.00	-91.93	  7.00	  7.00	  7.00	  1.00	  0.00	274.18	  5.96
  0.00	  0.00	 40.00	  8.00	-91.93	  7.00	  7.00	  7.00	  1.00	  0.00	2645.38	  5.64
  0.00	  0.00	 40.00	  8.00	-91.93	  7.00	  7.00	  7.00	  1.00	  0.00	1001.80	  5.64
  0.00	  0.00	 40.00	  8.00	-91.93	  7.00	  7.00	  7.00	  1.00	  0.00	 11.50	  5.64
  0.00	1486.41	 40.00	  8.00	-79.63	  7.00	  7.00	  7.00	  1.00	  0.00	517.97	  7.74
  0.00	1486.41	 40.00	  8.00	-79.63	  7.00	  7.00	  7.00	  1.00	  0.00	239.02	  7.74
  0.00	1486.41	 40.00	  8.00	-79.63	  7.00	  7.00	  7.00	  1.00	  0.00	318.84	  7.74
  0.00	  0.00	 40.00	  8.00	-79.63	  7.00	  7.00	  7.00	  1.00	  0.00	4448.05	  7.32
  0.00	  0.00	 40.00	  8.00	-79.63	  7.00	  7.00	  7.00	  1.00	  0.00	511.12	  7.32
  0.00	  0.00	 40.00	  8.00	-79.63	  7.00	  7.00	  7.00	  1.00	  0.00	3036.79	  7.32
  0.00	1486.41	 40.00	  8.00	-67.33	  7.00	  7.00	  7.00	  1.00	  0.00	355.28	  8.56
  0.00	1486.41	 40.00	  8.00	-67.33	  7.00	  7.00	  7.00	  1.00	  0.00	508.86	  8.56
  0.00	1486.41	 40.00	  8.00	-67.33	  7.00	  7.00	  7.00	  1.00	  0.00	378.37	  8.56
  0.00	  0.00	 40.00	  8.00	-67.33	  7.00	  7.00	  7.00	  1.00	  0.00	931.52	  8.09
  0.00	  0.00	 40.00	  8.00	-67.33	  7.00	  7.00	  7.00	  1.00	  0.00	1679.12	  8.09
  0.00	  0.00	 40.00	  8.00	-67.33	  7.00	  7.00	  7.00	  1.00	  0.00	134.25	  8.09
  0.00	1486.41	 40.00	  8.00	-55.04	  7.00	  7.00	  7.00	  1.00	  0.00	169.06	  8.19
  0.00	1486.41	 40.00	  8.00	-55.04	  7.00	  7.00	  7.00	  1.00	  0.00	224.99	  8.19
  0.00	1486.41	 40.00	  8.00	-55.04	  7.00	  7.00	  7.00	  1.00	  0.00	939.38	  8.19
  0.00	  0.00	 40.00	  8.00	-55.04	  7.00	  7.00	  7.00	  1.00	  0.00	 62.61	  7.75
  0.00	  0.00	 40.00	  8.00	-55.04	  7.00	  7.00	  7.00	  1.00	  0.00	3258.73	  7.75
  0.00	  0.00	 40.00	  8.00	-55.04	  7.00	  7.00	  7.00	  1.00	  0.00	3068.02	  7.75
  0.00	1486.41	 40.00	  8.00	-42.74	  7.00	  7.00	  7.00	  1.00	  0.00	403.87	  6.74
  0.00	1486.41	 40.00	  8.00	-42.74	  7.00	  7.00	  7.00	  1.00	  0.00	 41.47	  6.74
  0.00	1486.41	 40.00	  8.00	-42.74	  7.00	  7.00	  7.00	  1.00	  0.00	278.09	  6.74
  0.00	  0.00	 40.00	  8.00	-42.74	  7.00	  7.00	  7.00	  1.00	  0.00	2913.48	  6.37
  0.00	  0.00	 40.00	  8.00	-42.74	  7.00	  7.00	  7.00	  1.00	  0.00	2733.31	  6.37
  0.00	  0.00	 40.00	  8.00	-42.74	  7.00	  7.00	  7.00	  1.00	  0.00	1208.25	  6.37
  0.00	1486.41	 40.00	  8.00	-30.45	  7.00	  7.00	  7.00	  1.00	  0.00	 88.53	  4.62
  0.00	1486.41	 40.00	  8.00	-30.45	  7.00	  7.00	  7.00	  1.00	  0.00	125.89	  4.62
  0.00	1486.41	 40.00	  8.00	-30.45	  7.00	  7.00	  7.00	  1.00	  0.00	 28.56	  4.62
  0.00	  0.00	 40.00	  8.00	-30.45	  7.00	  7.00	  7.00	  1.00	  0.00	2280.97	  4.37
  0.00	  0.00	 40.00	  8.00	-30.45	  7.00	  7.00	  7.00	  1.00	  0.00	6762.88	  4.37
  0.00	  0.00	 40.00	  8.00	-30.45	  7.00	  7.00	  7.00	  1.00	  0.00	3830.31	  4.37
  0.00	1486.41	 40.00	  8.00	-18.15	  7.00	  7.00	  7.00	  1.00	  0.00	178.82	  2.43
  0.00	1486.41	 40.00	  8.00	-18.15	  7.00	  7.00	  7.00	  1.00	  0.00	343.70	  2.43
  0.00	1486.41	 40.00	  8.00	-18.15	  7.00	  7.00	  7.00	  1.00	  0.00	 76.67	  2.43
  0.00	  0.00	 40.00	  8.00	-18.15	  7.00	  7.00	  7.00	  1.00	  0.00	437.33	  2.30
  0.00	  0.00	 40.00	  8.00	-18.15	  7.00	  7.00	  7.00	  1.00	  0.00	1074.64	  2.30
  0.00	  0.00	 40.00	  8.00	-18.15	  7.00	  7.00	  7.00	  1.00	  0.00	5357.29	  2.30
  0.00	1486.41	 40.00	  8.00	 -5.86	  7.00	  7.00	  7.00	  1.00	  0.00	374.39	  0.81
  0.00	1486.41	 40.00	  8.00	 -5.86	  7.00	  7.00	  7.00	  1.00	  0.00	117.12	  0.81
  0.00	1486.41	 40.00	  8.00	 -5.86	  7.00	  7.00	  7.00	  1.00	  0.00	264.13	  0.81
  0.00	  0.00	 40.00	  8.00	 -5.86	  7.00	  7.00	  7.00	  1.00	  0.00	437.33	  0.77
  0.00	  0.00	 40.00	  8.00	 -5.86	  7.00	  7.00	  7.00	  1.00	  0.00	2121.88	  0.77
  0.00	  0.00	 40.00	  8.00	 -5.86	  7.00	  7.00	  7.00	  1.00	  0.00	1894.03	  0.77
  0.00	1486.41	 40.00	  8.00	  6.44	  7.00	  7.00	  7.00	  1.00	  0.00	108.88	  0.22
  0.00	1486.41	 40.00	  8.00	  6.44	  7.00	  7.00	  7.00	  1.00	  0.00	 42.53	  0.22
  0.00	1486.41	 40.00	  8.00	  6.44	  7.00	  7.00	  7.00	  1.00	  0.00	 49.36	  0.22
  0.00	  0.00	 40.00	  8.00	  6.44	  7.00	  7.00	  7.00	  1.00	  0.00	1288.11	  0.20
  0.00	  0.00	 40.00	  8.00	  6.44	  7.00	  7.00	  7.00	  1.00	  0.00	3623.30	  0.20
  0.00	  0.00	 40.00	  8.00	  6.44	  7.00	  7.00	  7.00	  1.00	  0.00	1477.15	  0.20
  0.00	1486.41	 40.00	 16.00	-128.81	  7.00	  7.00	  7.00	  1.00	  0.00	1826.88	  0.44
  0.00	1486.41	 40.00	 16.00	-128.81	  7.00	  7.00	  7.00	  1.00	  0.00	286.59	  0.44
  0.00	1486.41	 40.00	 16.00	-128.81	  7.00	  7.00	  7.00	  1.00	  0.00	875.45	  0.44
  0.00	  0.00	 40.00	 16.00	-128.81	  7.00	  7.00	  7.00	  1.00	  0.00	81145.90	  0.42
  0.00	  0.00	 40.00	 16.00	-128.81	  7.00	  7.00	  7.00	  1.00	  0.00	79384.52	  0.42
  0.00	  0.00	 40.00	 16.00	-128.81	  7.00	  7.00	  7.00	  1.00	  0.00	95059.38	  0.42
  0.00	1486.41	 40.00	 16.00	-116.52	  7.00	  7.00	  7.00	  1.00	  0.00	381.95	  1.71
  0.00	1486.41	 40.00	 16.00	-116.52	  7.00	  7.00	  7.00	  1.00	  0.00	367.22	  1.71
  0.00	1486.41	 40.00	 16.00	-116.52	  7.00	  7.00	  7.00	  1.00	  0.00	659.21	  1.71
  0.00	  0.00	 40.00	 16.00	-116.52	  7.00	  7.00	  7.00	  1.00	  0.00	95582.89	  1.62
  0.00	  0.00	 40.00	 16.00	-116.52	  7.00	  7.00	  7.00	  1.00	  0.00	80503.16	  1.62
  0.00	  0.00	 40.00	 16.00	-116.52	  7.00	  7.00	  7.00	  1.00	  0.00	71168.77	  1.62
  0.00	1486.41	 40.00	 16.00	-104.22	  7.00	  7.00	  7.00	  1.00	  0.00	603.40	  3.74
  0.00	1486.41	 40.00	 16.00	-104.22	  7.00	  7.00	  7.00	  1.00	  0.00	358.51	  3.74
  0.00	1486.41	 40.00	 16.00	-104.22	  7.00	  7.00	  7.00	  1.00	  0.00	567.72	  3.74
  0.00	  0.00	 40.00	 16.00	-104.22	  7.00	  7.00	  7.00	  1.00	  0.00	79225.35	  3.54
  0.00	  0.00	 40.00	 16.00	-104.22	  7.00	  7.00	  7.00	  1.00	  0.00	105618.79	  3.54
  0.00	  0.00	 40.00	 16.00	-104.22	  7.00	  7.00	  7.00	  1.00	  0.00	86047.89	  3.54
  0.00	1486.41	 40.00	 16.00	-91.93	  7.00	  7.00	  7.00	  1.00	  0.00	  8.89	  5.96
  0.00	1486.41	 40.00	 16.00	-91.93	  7.00	  7.00	  7.00	  1.00	  0.00	197.78	  5.96
  0.00	1486.41	 40.00	 16.00	-91.93	  7.00	  7.00	  7.00	  1.00	  0.00	617.99	  5.96
  0.00	  0.00	 40.00	 16.00	-91.93	  7.00	  7.00	  7.00	  1.00	  0.00	67449.16	  5.64
  0.00	  0.00	 40.00	 16.00	-91.93	  7.00	  7.00	  7.00	  1.00	  0.00	80342.87	  5.64
  0.00	  0.00	 40.00	 16.00	-91.93	  7.00	  7.00	  7.00	  1.00	  0.00	86047.89	  5.64
  0.00	1486.41	 40.00	 16.00	-79.63	  7.00	  7.00	  7.00	  1.00	  0.00	878.63	  7.74
  0.00	1486.41	 40.00	 16.00	-79.63	  7.00	  7.00	  7.00	  1.00	  0.00	366.29	  7.74
  0.00	1486.41	 40.00	 16.00	-79.63	  7.00	  7.00	  7.00	  1.00	  0.00	 80.62	  7.74
  0.00	  0.00	 40.00	 16.00	-79.63	  7.00	  7.00	  7.00	  1.00	  0.00	84397.92	  7.32
  0.00	  0.00	 40.00	 16.00	-79.63	  7.00	  7.00	  7.00	  1.00	  0.00	86878.86	  7.32
  0.00	  0.00	 40.00	 16.00	-79.63	  7.00	  7.00	  7.00	  1.00	  0.00	70416.86	  7.32
  0.00	1486.41	 40.00	 16.00	-67.33	  7.00	  7.00	  7.00	  1.00	  0.00	663.28	  8.56
  0.00	1486.41	 40.00	 16.00	-67.33	  7.00	  7.00	  7.00	  1.00	  0.00	 47.90	  8.56
  0.00	1486.41	 40.00	 16.00	-67.33	  7.00	  7.00	  7.00	  1.00	  0.00	262.93	  8.56
  0.00	  0.00	 40.00	 16.00	-67.33	  7.00	  7.00	  7.00	  1.00	  0.00	92807.49	  8.09
  0.00	  0.00	 40.00	 16.00	-67.33	  7.00	  7.00	  7.00	  1.00	  0.00	75298.09	  8.09
  0.00	  0.00	 40.00	 16.00	-67.33	  7.00	  7.00	  7.00	  1.00	  0.00	79066.34	  8.09
  0.00	1486.41	 40.00	 16.00	-55.04	  7.00	  7.00	  7.00	  1.00	  0.00	173.85	  8.19
  0.00	1486.41	 40.00	 16.00	-55.04	  7.00	  7.00	  7.00	  1.00	  0.00	151.12	  8.19
  0.00	1486.41	 40.00	 16.00	-55.04	  7.00	  7.00	  7.00	  1.00	  0.00	121.82	  8.19
  0.00	  0.00	 40.00	 16.00	-55.04	  7.00	  7.00	  7.00	  1.00	  0.00	85716.61	  7.75
  0.00	  0.00	 40.00	 16.00	-55.04	  7.00	  7.00	  7.00	  1.00	  0.00	81306.98	  7.75
  0.00	  0.00	 40.00	 16.00	-55.04	  7.00	  7.00	  7.00	  1.00	  0.00	87881.30	  7.75
  0.00	1486.41	 40.00	 16.00	-42.74	  7.00	  7.00	  7.00	  1.00	  0.00	 66.09	  6.74
  0.00	1486.41	 40.00	 16.00	-42.74	  7.00	  7.00	  7.00	  1.00	  0.00	316.01	  6.74
  0.00	1486.41	 40.00	 16.00	-42.74	  7.00	  7.00	  7.00	  1.00	  0.00	100.79	  6.74
  0.00	  0.00	 40.00	 16.00	-42.74	  7.00	  7.00	  7.00	  1.00	  0.00	78748.81	  6.37
  0.00	  0.00	 40.00	 16.00	-42.74	  7.00	  7.00	  7.00	  1.00	  0.00	80663.60	  6.37
  0.00	  0.00	 40.00	 16.00	-42.74	  7.00	  7.00	  7.00	  1.00	  0.00	74678.99	  6.37
  0.00	1486.41	 40.00	 16.00	-30.45	  7.00	  7.00	  7.00	  1.00	  0.00	852.94	  4.62
  0.00	1486.41	 40.00	 16.00	-30.45	  7.00	  7.00	  7.00	  1.00	  0.00	188.94	  4.62
  0.00	1486.41	 40.00	 16.00	-30.45	  7.00	  7.00	  7.00	  1.00	  0.00	173.91	  4.62
  0.00	  0.00	 40.00	 16.00	-30.45	  7.00	  7.00	  7.00	  1.00	  0.00	91777.25	  4.37
  0.00	  0.00	 40.00	 16.00	-30.45	  7.00	  7.00	  7.00	  1.00	  0.00	91435.12	  4.37
  0.00	  0.00	 40.00	 16.00	-30.45	  7.00	  7.00	  7.00	  1.00	  0.00	80824.21	  4.37
  0.00	1486.41	 40.00	 16.00	-18.15	  7.00	  7.00	  7.00	  1.00	  0.00	 98.27	  2.43
  0.00	1486.41	 40.00	 16.00	-18.15	  7.00	  7.00	  7.00	  1.00	  0.00	521.26	  2.43
  0.00	1486.41	 40.00	 16.00	-18.15	  7.00	  7.00	  7.00	  1.00	  0.00	 75.55	  2.43
  0.00	  0.00	 40.00	 16.00	-18.15	  7.00	  7.00	  7.00	  1.00	  0.00	83252.44	  2.30
  0.00	  0.00	 40.00	 16.00	-18.15	  7.00	  7.00	  7.00	  1.00	  0.00	97691.27	  2.30
  0.00	  0.00	 40.00	 16.00	-18.15	  7.00	  7.00	  7.00	  1.00	  0.00	75608.60	  2.30
  0.00	1486.41	 40.00	 16.00	 -5.86	  7.00	  7.00	  7.00	  1.00	  0.00	391.10	  0.81
  0.00	1486.41	 40.00	 16.00	 -5.86	  7.00	  7.00	  7.00	  1.00	  0.00	 15.08	  0.81
  0.00	1486.41	 40.00	 16.00	 -5.86	  7.00	  7.00	  7.00	  1.00	  0.00	1109.83	  0.81
  0.00	  0.00	 40.00	 16.00	 -5.86	  7.00	  7.00	  7.00	  1.00	  0.00	90923.12	  0.77
  0.00	  0.00	 40.00	 16.00	 -5.86	  7.00	  7.00	  7.00	  1.00	  0.00	94711.18	  0.77
  0.00	  0.00	 40.00	 16.00	 -5.86	  7.00	  7.00	  7.00	  1.00	  0.00	82439.04	  0.77
  0.00	1486.41	 40.00	 16.00	  6.44	  7.00	  7.00	  7.00	  1.00	  0.00	1321.39	  0.22
  0.00	1486.41	 40.00	 16.00	  6.44	  7.00	  7.00	  7.00	  1.00	  0.00	268.10	  0.22
  0.00	1486.41	 40.00	 16.00	  6.44	  7.00	  7.00	  7.00	  1.00	  0.00	364.80	  0.22
  0.00	  0.00	 40.00	 16.00	  6.44	  7.00	  7.00	  7.00	  1.00	  0.00	76543.95	  0.20
  0.00	  0.00	 40.00	 16.00	  6.44	  7.00	  7.00	  7.00	  1.00	  0.00	113855.53	  0.20
  0.00	  0.00	 40.00	 16.00	  6.44	  7.00	  7.00	  7.00	  1.00	  0.00	81952.91	  0.20
  0.00	1486.41	 40.00	 32.00	-128.81	  7.00	  7.00	  7.00	  1.00	  0.00	393.45	  0.44
  0.00	1486.41	 40.00	 32.00	-128.81	  7.00	  7.00	  7.00	  1.00	  0.00	 10.76	  0.44
  0.00	1486.41	 40.00	 32.00	-128.81	  7.00	  7.00	  7.00	  1.00	  0.00	 30.63	  0.44
  0.00	  0.00	 40.00	 32.00	-128.81	  7.00	  7.00	  7.00	  1.00	  0.00	5402780.28	  0.42
  0.00	  0.00	 40.00	 32.00	-128.81	  7.00	  7.00	  7.00	  1.00	  0.00	5276098.36	  0.42
  0.00	  0.00	 40.00	 32.00	-128.81	  7.00	  7.00	  7.00	  1.00	  0.00	5366058.01	  0.42
  0.00	1486.41	 40.00	 32.00	-116.52	  7.00	  7.00	  7.00	  1.00	  0.00	 90.26	  1.71
  0.00	1486.41	 40.00	 32.00	-116.52	  7.00	  7.00	  7.00	  1.00	  0.00	170.54	  1.71
  0.00	1486.41	 40.00	 32.00	-116.52	  7.00	  7.00	  7.00	  1.00	  0.00	363.80	  1.71
  0.00	  0.00	 40.00	 32.00	-116.52	  7.00	  7.00	  7.00	  1.00	  0.00	5383092.06	  1.62
  0.00	  0.00	 40.00	 32.00	-116.52	  7.00	  7.00	  7.00	  1.00	  0.00	5397526.58	  1.62
  0.00	  0.00	 40.00	 32.00	-116.52	  7.00	  7.00	  7.00	  1.00	  0.00	5410665.64	  1.62
  0.00	1486.41	 40.00	 32.00	-104.22	  7.00	  7.00	  7.00	  1.00	  0.00	 96.08	  3.74
  0.00	1486.41	 40.00	 32.00	-104.22	  7.00	  7.00	  7.00	  1.00	  0.00	 84.46	  3.74
  0.00	1486.41	 40.00	 32.00	-104.22	  7.00	  7.00	  7.00	  1.00	  0.00	585.43	  3.74
  0.00	  0.00	 40.00	 32.00	-104.22	  7.00	  7.00	  7.00	  1.00	  0.00	5234636.05	  3.54
  0.00	  0.00	 40.00	 32.00	-104.22	  7.00	  7.00	  7.00	  1.00	  0.00	5265717.45	  3.54
  0.00	  0.00	 40.00	 32.00	-104.22	  7.00	  7.00	  7.00	  1.00	  0.00	5334681.44	  3.54
  0.00	1486.41	 40.00	 32.00	-91.93	  7.00	  7.00	  7.00	  1.00	  0.00	390.58	  5.96
  0.00	1486.41	 40.00	 32.00	-91.93	  7.00	  7.00	  7.00	  1.00	  0.00	139.33	  5.96
  0.00	1486.41	 40.00	 32.00	-91.93	  7.00	  7.00	  7.00	  1.00	  0.00	231.75	  5.96
  0.00	  0.00	 40.00	 32.00	-91.93	  7.00	  7.00	  7.00	  1.00	  0.00	5417241.15	  5.64
  0.00	  0.00	 40.00	 32.00	-91.93	  7.00	  7.00	  7.00	  1.00	  0.00	5436991.67	  5.64
  0.00	  0.00	 40.00	 32.00	-91.93	  7.00	  7.00	  7.00	  1.00	  0.00	5388338.74	  5.64
  0.00	1486.41	 40.00	 32.00	-79.63	  7.00	  7.00	  7.00	  1.00	  0.00	 84.62	  7.74
  0.00	1486.41	 40.00	 32.00	-79.63	  7.00	  7.00	  7.00	  1.00	  0.00	249.61	  7.74
  0.00	1486.41	 40.00	 32.00	-79.63	  7.00	  7.00	  7.00	  1.00	  0.00	112.85	  7.74
  0.00	  0.00	 40.00	 32.00	-79.63	  7.00	  7.00	  7.00	  1.00	  0.00	5390963.04	  7.32
  0.00	  0.00	 40.00	 32.00	-79.63	  7.00	  7.00	  7.00	  1.00	  0.00	5337292.64	  7.32
  0.00	  0.00	 40.00	 32.00	-79.63	  7.00	  7.00	  7.00	  1.00	  0.00	5307302.42	  7.32
  0.00	1486.41	 40.00	 32.00	-67.33	  7.00	  7.00	  7.00	  1.00	  0.00	185.25	  8.56
  0.00	1486.41	 40.00	 32.00	-67.33	  7.00	  7.00	  7.00	  1.00	  0.00	228.27	  8.56
  0.00	1486.41	 40.00	 32.00	-67.33	  7.00	  7.00	  7.00	  1.00	  0.00	 34.46	  8.56
  0.00	  0.00	 40.00	 32.00	-67.33	  7.00	  7.00	  7.00	  1.00	  0.00	5415925.73	  8.09
  0.00	  0.00	 40.00	 32.00	-67.33	  7.00	  7.00	  7.00	  1.00	  0.00	5394900.68	  8.09
  0.00	  0.00	 40.00	 32.00	-67.33	  7.00	  7.00	  7.00	  1.00	  0.00	5356897.01	  8.09
  0.00	1486.41	 40.00	 32.00	-55.04	  7.00	  7.00	  7.00	  1.00	  0.00	 22.40	  8.19
  0.00	1486.41	 40.00	 32.00	-55.04	  7.00	  7.00	  7.00	  1.00	  0.00	 92.05	  8.19
  0.00	1486.41	 40.00	 32.00	-55.04	  7.00	  7.00	  7.00	  1.00	  0.00	706.37	  8.19
  0.00	  0.00	 40.00	 32.00	-55.04	  7.00	  7.00	  7.00	  1.00	  0.00	5377847.94	  7.75
  0.00	  0.00	 40.00	 32.00	-55.04	  7.00	  7.00	  7.00	  1.00	  0.00	5243691.96	  7.75
  0.00	  0.00	 40.00	 32.00	-55.04	  7.00	  7.00	  7.00	  1.00	  0.00	5366058.01	  7.75
  0.00	1486.41	 40.00	 32.00	-42.74	  7.00	  7.00	  7.00	  1.00	  0.00	 43.51	  6.74
  0.00	1486.41	 40.00	 32.00	-42.74	  7.00	  7.00	  7.00	  1.00	  0.00	 99.85	  6.74
  0.00	1486.41	 40.00	 32.00	-42.74	  7.00	  7.00	  7.00	  1.00	  0.00	247.94	  6.74
  0.00	  0.00	 40.00	 32.00	-42.74	  7.00	  7.00	  7.00	  1.00	  0.00	5360822.19	  6.37
  0.00	  0.00	 40.00	 32.00	-42.74	  7.00	  7.00	  7.00	  1.00	  0.00	5299492.78	  6.37
  0.00	  0.00	 40.00	 32.00	-42.74	  7.00	  7.00	  7.00	  1.00	  0.00	5303396.88	  6.37
  0.00	1486.41	 40.00	 32.00	-30.45	  7.00	  7.00	  7.00	  1.00	  0.00	244.27	  4.62
  0.00	1486.41	 40.00	 32.00	-30.45	  7.00	  7.00	  7.00	  1.00	  0.00	331.66	  4.62
  0.00	1486.41	 40.00	 32.00	-30.45	  7.00	  7.00	  7.00	  1.00	  0.00	703.32	  4.62
  0.00	  0.00	 40.00	 32.00	-30.45	  7.00	  7.00	  7.00	  1.00	  0.00	5471311.02	  4.37
  0.00	  0.00	 40.00	 32.00	-30.45	  7.00	  7.00	  7.00	  1.00	  0.00	5400153.11	  4.37
  0.00	  0.00	 40.00	 32.00	-30.45	  7.00	  7.00	  7.00	  1.00	  0.00	5311209.40	  4.37
  0.00	1486.41	 40.00	 32.00	-18.15	  7.00	  7.00	  7.00	  1.00	  0.00	128.78	  2.43
  0.00	1486.41	 40.00	 32.00	-18.15	  7.00	  7.00	  7.00	  1.00	  0.00	 16.34	  2.43
  0.00	1486.41	 40.00	 32.00	-18.15	  7.00	  7.00	  7.00	  1.00	  0.00	106.38	  2.43
  0.00	  0.00	 40.00	 32.00	-18.15	  7.00	  7.00	  7.00	  1.00	  0.00	5368676.88	  2.30
  0.00	  0.00	 40.00	 32.00	-18.15	  7.00	  7.00	  7.00	  1.00	  0.00	5358205.24	  2.30
  0.00	  0.00	 40.00	 32.00	-18.15	  7.00	  7.00	  7.00	  1.00	  0.00	5337292.64	  2.30
  0.00	1486.41	 40.00	 32.00	 -5.86	  7.00	  7.00	  7.00	  1.00	  0.00	156.95	  0.81
  0.00	1486.41	 40.00	 32.00	 -5.86	  7.00	  7.00	  7.00	  1.00	  0.00	 40.59	  0.81
  0.00	1486.41	 40.00	 32.00	 -5.86	  7.00	  7.00	  7.00	  1.00	  0.00	 73.34	  0.81
  0.00	  0.00	 40.00	 32.00	 -5.86	  7.00	  7.00	  7.00	  1.00	  0.00	5324243.03	  0.77
  0.00	  0.00	 40.00	 32.00	 -5.86	  7.00	  7.00	  7.00	  1.00	  0.00	5354281.02	  0.77
  0.00	  0.00	 40.00	 32.00	 -5.86	  7.00	  7.00	  7.00	  1.00	  0.00	5363439.78	  0.77
  0.00	1486.41	 40.00	 32.00	  6.44	  7.00	  7.00	  7.00	  1.00	  0.00	 91.00	  0.22
  0.00	1486.41	 40.00	 32.00	  6.44	  7.00	  7.00	  7.00	  1.00	  0.00	167.35	  0.22
  0.00	1486.41	 40.00	 32.00	  6.44	  7.00	  7.00	  7.00	  1.00	  0.00	 91.54	  0.22
  0.00	  0.00	 40.00	 32.00	  6.44	  7.00	  7.00	  7.00	  1.00	  0.00	5302095.35	  0.20
  0.00	  0.00	 40.00	 32.00	  6.44	  7.00	  7.00	  7.00	  1.00	  0.00	5337292.64	  0.20
  0.00	  0.00	 40.00	 32.00	  6.44	  7.00	  7.00	  7.00	  1.00	  0.00	5373916.53	  0.20
