1.470159977636360749e+00 7.445987801512774240e+02 5.064746636270161844e+02
1.942690186707868305e+00 9.839233588443728422e+02 5.064746636270161844e+02
3.589501572115777472e-01 1.817991601325984163e+02 5.064746636270161844e+02
3.965556533705663078e-01 2.008453911502491849e+02 5.064746636270161844e+02
4.508695366147362771e-01 2.283539968966172182e+02 5.064746636270161844e+02
1.112726009498413937e+00 5.635675313697412321e+02 5.064746636270161844e+02
1.218538150322491465e+00 6.171586998012703589e+02 5.064746636270161844e+02
4.605548055769975058e+00 2.332593402364156645e+03 5.064746636270161844e+02
1.016697537227669867e+00 5.149315431777998811e+02 5.064746636270161844e+02
1.334206675152427302e+00 6.757418770067453124e+02 5.064746636270161844e+02
2.240023498486219677e-01 1.134515147912420048e+02 5.064746636270161844e+02
3.735412440768907105e-01 1.891891759446603771e+02 5.064746636270161844e+02
2.520091821767785345e-01 1.276362657739033466e+02 5.064746636270161844e+02
2.507823682622317696e-01 1.270149156092003295e+02 5.064746636270161844e+02
9.643186608239467938e-01 4.884029693700631469e+02 5.064746636270161844e+02
6.845324602264273306e-01 3.466983475349535979e+02 5.064746636270161844e+02
7.677021483795454238e-01 3.888216873662679518e+02 5.064746636270161844e+02
1.359160009230520272e+00 6.883801084903199126e+02 5.064746636270161844e+02
3.224235165802184500e-01 1.632993421054058274e+02 5.064746636270161844e+02
5.839775031618819057e-01 2.957698094796589317e+02 5.064746636270161844e+02
8.087447787801445021e-01 4.096087397927793177e+02 5.064746636270161844e+02
2.907084997491887535e+00 1.472364896239849031e+03 5.064746636270161844e+02
3.293102186135604126e-01 1.667872822012421636e+02 5.064746636270161844e+02
1.578322485688579802e+00 7.993803500340794699e+02 5.064746636270161844e+02
1.318699303259611266e+00 6.678877860435922003e+02 5.064746636270161844e+02
4.832113557888086386e-01 2.447343088838912877e+02 5.064746636270161844e+02
5.148470066350547825e-01 2.607569645048655502e+02 5.064746636270161844e+02
7.609311894898362905e-01 3.853923682401701285e+02 5.064746636270161844e+02
1.475754582604557719e+00 7.474323058206709902e+02 5.064746636270161844e+02
1.732422826309014008e+00 8.774282682146225625e+02 5.064746636270161844e+02
1.926858816310826894e+00 9.759051708477766169e+02 5.064746636270161844e+02
8.677257996981441179e-01 4.394811325226011718e+02 5.064746636270161844e+02
7.384614837688154854e-01 3.740120315933181132e+02 5.064746636270161844e+02
1.649371865324776865e+00 8.353650606862305494e+02 5.064746636270161844e+02
1.641167850963469954e+00 8.312099352721965033e+02 5.064746636270161844e+02
2.607070081514437088e-01 1.320414942587082123e+02 5.064746636270161844e+02
1.393365992793341945e+00 7.057045725093313422e+02 5.064746636270161844e+02
5.064404689992894060e-01 2.564992661835234458e+02 5.064746636270161844e+02
2.150673665594649286e-01 1.089261721353531840e+02 5.064746636270161844e+02
2.933435154581232052e-01 1.485710583188193823e+02 5.064746636270161844e+02
7.449516483100044884e-01 3.772991354962007904e+02 5.064746636270161844e+02
3.178798587111653640e-01 1.609980945145408953e+02 5.064746636270161844e+02
2.317077488965234577e-01 1.173541041821398494e+02 5.064746636270161844e+02
1.271621265341145834e+00 6.440439526246175319e+02 5.064746636270161844e+02
3.153497087733451720e-01 1.597166376758574984e+02 5.064746636270161844e+02
5.708707447531025103e-01 2.891315684233318279e+02 5.064746636270161844e+02
3.252851012558104493e-01 1.647486622414164970e+02 5.064746636270161844e+02
1.511155172457141926e+00 7.653618076584565415e+02 5.064746636270161844e+02
3.584546656904838979e+00 1.815482062311223672e+03 5.064746636270161844e+02
2.354353746336556585e-01 1.192420521734812837e+02 5.064746636270161844e+02
1.760417446747182479e+00 8.916068341844098768e+02 5.064746636270161844e+02
1.242146832991131378e+00 6.291158994145466750e+02 5.064746636270161844e+02
3.620400336874175506e-01 1.833641042813484034e+02 5.064746636270161844e+02
1.708602259019306624e+00 8.653637544091633345e+02 5.064746636270161844e+02
7.198204094002841336e-01 3.645707997228699924e+02 5.064746636270161844e+02
2.623983227615058311e+00 1.328981022569268816e+03 5.064746636270161844e+02
1.126502217997930710e+00 5.705448319355896274e+02 5.064746636270161844e+02
4.033329866548561959e+00 2.042779387456981112e+03 5.064746636270161844e+02
8.465381835445134895e-01 4.287501417581327701e+02 5.064746636270161844e+02
2.902204529677939737e-01 1.469893062945437237e+02 5.064746636270161844e+02
3.125398671409919116e-01 1.582935240802661951e+02 5.064746636270161844e+02
6.917165941212486402e-01 3.503369293327846776e+02 5.064746636270161844e+02
6.902150435498052294e-01 3.495764320121939477e+02 5.064746636270161844e+02
2.094037886007592331e+00 1.060577133937923463e+03 5.064746636270161844e+02
1.557882940272812267e+00 7.890282381449395643e+02 5.064746636270161844e+02
2.672067112913460440e-01 1.353334292201657263e+02 5.064746636270161844e+02
1.144125647278951607e+00 5.794706523526491537e+02 5.064746636270161844e+02
2.233159562292152067e+00 1.131038738137372320e+03 5.064746636270161844e+02
1.964518811274182930e-01 9.949790041290374631e+01 5.064746636270161844e+02
4.448746356659837864e-01 2.253177314551205086e+02 5.064746636270161844e+02
6.069058455840020683e-01 3.073824339954272773e+02 5.064746636270161844e+02
1.605657760651128418e+00 8.132249742258883316e+02 5.064746636270161844e+02
8.022985075216304551e-01 4.063438667254749248e+02 5.064746636270161844e+02
2.777505578005641240e-01 1.406736203342568388e+02 5.064746636270161844e+02
1.378922719287177800e+00 6.983894204186237857e+02 5.064746636270161844e+02
3.972713623430041974e+00 2.012078796113195040e+03 5.064746636270161844e+02
2.725814782329981867e+00 1.380556124990125909e+03 5.064746636270161844e+02
3.773080433432193792e-01 1.910969643360246835e+02 5.064746636270161844e+02
2.636568933720740415e-01 1.335355363835652724e+02 5.064746636270161844e+02
3.134768850616815317e-01 1.587680999164599598e+02 5.064746636270161844e+02
2.061910260955735819e+00 1.044305305846649389e+03 5.064746636270161844e+02
3.174150813164571261e-01 1.607626965398946197e+02 5.064746636270161844e+02
3.498390185356807236e-01 1.771845992364643791e+02 5.064746636270161844e+02
1.157974368148556588e+00 5.864846785967467895e+02 5.064746636270161844e+02
1.547461050717497066e+00 7.837498151380533500e+02 5.064746636270161844e+02
8.705175692197225645e-01 4.408950930519667395e+02 5.064746636270161844e+02
2.109449301082428896e+00 1.068382625203967564e+03 5.064746636270161844e+02
1.048882213688716813e+00 5.312322663623529024e+02 5.064746636270161844e+02
8.107908182872632930e-01 4.106450069639148523e+02 5.064746636270161844e+02
8.517789687213966898e-01 4.314044666677361306e+02 5.064746636270161844e+02
3.964187619988757683e-01 2.007760591388187947e+02 5.064746636270161844e+02
1.190521426828398566e+00 6.029689391936685752e+02 5.064746636270161844e+02
1.348841521976158253e+00 6.831540561290272535e+02 5.064746636270161844e+02
2.246564182798659048e-01 1.137827838799453275e+02 5.064746636270161844e+02
2.067045874168961017e+00 1.046906363821336072e+03 5.064746636270161844e+02
8.309413941582654006e-01 4.208507631000713332e+02 5.064746636270161844e+02
6.285292676307913107e-01 3.183341494030398735e+02 5.064746636270161844e+02
5.080691034591079402e-01 2.573241282737313895e+02 5.064746636270161844e+02
1.255546784958475603e+00 6.359026355798255281e+02 5.064746636270161844e+02
4.996460461443995582e-01 2.530580631535533769e+02 5.064746636270161844e+02
4.184388668615545703e-01 2.119286843421756714e+02 5.064746636270161844e+02
4.347324298993489600e-01 2.201809612010281683e+02 5.064746636270161844e+02
2.508603507856922432e-01 1.270544117815387608e+02 5.064746636270161844e+02
1.096868587381705007e+00 5.555361488371894438e+02 5.064746636270161844e+02
6.548705305645396990e-01 3.316753316869208561e+02 5.064746636270161844e+02
1.938703090927242356e-01 9.819039958500316345e+01 5.064746636270161844e+02
8.202180837495995913e-01 4.154196780678742584e+02 5.064746636270161844e+02
8.817114315244469758e-01 4.465645006974392004e+02 5.064746636270161844e+02
1.115749588435205331e+00 5.650988974947023280e+02 5.064746636270161844e+02
3.772111089788650617e-01 1.910478695364444377e+02 5.064746636270161844e+02
1.754667467801856784e+00 8.886946155322136747e+02 5.064746636270161844e+02
8.568050181045678837e-01 4.339500333384505097e+02 5.064746636270161844e+02
2.162187445364185945e-01 1.095093159089383477e+02 5.064746636270161844e+02
2.275775525894394580e+00 1.152622643967959448e+03 5.064746636270161844e+02
2.541325291940403908e-01 1.287116872402344825e+02 5.064746636270161844e+02
1.423125264726096351e+00 7.207768897512579542e+02 5.064746636270161844e+02
9.880056233780331043e-01 5.003998157619897711e+02 5.064746636270161844e+02
4.161743021558562128e-01 2.107817396945954727e+02 5.064746636270161844e+02
1.448918645297651686e+00 7.338405835000401112e+02 5.064746636270161844e+02
5.861522529214427957e-01 2.968712651326054583e+02 5.064746636270161844e+02
4.709459649890453958e-01 2.385221992043273076e+02 5.064746636270161844e+02
4.520820688224664319e-01 2.289681137386642718e+02 5.064746636270161844e+02
1.601210274618481533e+00 8.109724352335176718e+02 5.064746636270161844e+02
2.333244226807267008e-01 1.181729084931887996e+02 5.064746636270161844e+02
1.265221058094286866e+00 6.408024098121214820e+02 5.064746636270161844e+02
2.254601644963866391e+00 1.141898609745991507e+03 5.064746636270161844e+02
1.166269011271981126e+00 5.906857051825893450e+02 5.064746636270161844e+02
2.321867440095505830e-01 1.175967030708892480e+02 5.064746636270161844e+02
2.874824884234223887e-01 1.456025966229104256e+02 5.064746636270161844e+02
3.375903436381940903e+00 1.709809557378831641e+03 5.064746636270161844e+02
5.354993172856391537e-01 2.712168365947409256e+02 5.064746636270161844e+02
1.143806383895173084e+00 5.793089535377415586e+02 5.064746636270161844e+02
4.083426459989700219e-01 2.068152042768940930e+02 5.064746636270161844e+02
2.679549639678036055e-01 1.357124002427825644e+02 5.064746636270161844e+02
6.816962853937230671e-01 3.452618968405723194e+02 5.064746636270161844e+02
2.698734680731140312e+00 1.366840739641867231e+03 5.064746636270161844e+02
1.103213355480852531e+00 5.587496131259965750e+02 5.064746636270161844e+02
4.967330850327038028e-01 2.515827221543486871e+02 5.064746636270161844e+02
1.721040834062903757e+00 8.716635775203685625e+02 5.064746636270161844e+02
7.912207272855205087e-01 4.007332517066570858e+02 5.064746636270161844e+02
4.266514080760435701e-01 2.160881283913069808e+02 5.064746636270161844e+02
3.772487414035665676e-01 1.910669294060865866e+02 5.064746636270161844e+02
3.834070448393124830e-01 1.941859540672191144e+02 5.064746636270161844e+02
6.422043038061437947e-01 3.252602087500387711e+02 5.064746636270161844e+02
6.884051664326008568e-01 3.486597751080516332e+02 5.064746636270161844e+02
8.847152708225357598e-01 4.480858691955283462e+02 5.064746636270161844e+02
1.973990941003466837e+00 9.997763978475080648e+02 5.064746636270161844e+02
2.235425781359173136e+00 1.132186520677046929e+03 5.064746636270161844e+02
1.916844113997538290e+00 9.708329778623290167e+02 5.064746636270161844e+02
1.194183744128490821e+00 6.048238101163281044e+02 5.064746636270161844e+02
1.109026503255914120e+00 5.616938251899850911e+02 5.064746636270161844e+02
1.200899847733822412e+00 6.082253464307226523e+02 5.064746636270161844e+02
4.683155244001694362e-01 2.371899476918854930e+02 5.064746636270161844e+02
1.901950869338122851e+00 9.632899267831368206e+02 5.064746636270161844e+02
1.328225770751063850e+00 6.727127004618794217e+02 5.064746636270161844e+02
6.226599897142744977e-01 3.153615088445385481e+02 5.064746636270161844e+02
2.752578291622398976e-01 1.394111164356481254e+02 5.064746636270161844e+02
2.265100460509824887e-01 1.147215993818113020e+02 5.064746636270161844e+02
6.407995487217039710e-01 3.245487358911688034e+02 5.064746636270161844e+02
3.024836790899654848e-01 1.532003196197525767e+02 5.064746636270161844e+02
5.367022538927709308e-01 2.718260935082025753e+02 5.064746636270161844e+02
5.579620643275885472e-01 2.825936488469509982e+02 5.064746636270161844e+02
1.225036044658292855e+00 6.204497186492792480e+02 5.064746636270161844e+02
3.370543508774753172e-01 1.707094889846916033e+02 5.064746636270161844e+02
6.105783030553517676e-01 3.092424406579136189e+02 5.064746636270161844e+02
3.874017755907585014e-01 1.962091839808382190e+02 5.064746636270161844e+02
1.119003482618750045e+00 5.667469124567910512e+02 5.064746636270161844e+02
4.970338932922729880e-01 2.517350739164302240e+02 5.064746636270161844e+02
1.061727735159281094e+00 5.377381975282705753e+02 5.064746636270161844e+02
3.115504471750497051e-01 1.577924079358297718e+02 5.064746636270161844e+02
3.695328411782053291e+00 1.871590214348671452e+03 5.064746636270161844e+02
3.425699938966563218e-01 1.735030224275180046e+02 5.064746636270161844e+02
4.168049052863662673e-01 2.111011242030026835e+02 5.064746636270161844e+02
5.353873767178845000e-01 2.711601415333411751e+02 5.064746636270161844e+02
3.516271578826786204e-01 1.780902465107533601e+02 5.064746636270161844e+02
2.189455729453486654e-01 1.108903854101198050e+02 5.064746636270161844e+02
1.098459529461754292e+00 5.563419206920324314e+02 5.064746636270161844e+02
3.572190239284860902e-01 1.809223849853510444e+02 5.064746636270161844e+02
1.837861676896727747e+00 9.308303745992541280e+02 5.064746636270161844e+02
1.438429569173214961e+00 7.285281321981578913e+02 5.064746636270161844e+02
2.231795063695550807e-01 1.130347654169639213e+02 5.064746636270161844e+02
6.016347438666038716e-01 3.047127545261642467e+02 5.064746636270161844e+02
2.901913448201911550e+00 1.469745637552777907e+03 5.064746636270161844e+02
1.726789296344061642e+00 8.745750280205905938e+02 5.064746636270161844e+02
1.101652887624671839e+00 5.579592756934367799e+02 5.064746636270161844e+02
2.971946412901443901e-01 1.505215559791776059e+02 5.064746636270161844e+02
2.168798995331700841e+00 1.098441741635233939e+03 5.064746636270161844e+02
1.942168211235158370e+00 9.836589914924105642e+02 5.064746636270161844e+02
8.050932889738795506e-01 4.077593527214137907e+02 5.064746636270161844e+02
1.818971163246069223e+00 9.212628080522952132e+02 5.064746636270161844e+02
5.589700331401997735e-01 2.831041595122647436e+02 5.064746636270161844e+02
5.319231210074206739e-01 2.694055837876659893e+02 5.064746636270161844e+02
1.139065734557988208e+00 5.769079347593171860e+02 5.064746636270161844e+02
1.083209875815738688e+00 5.486183574912382710e+02 5.064746636270161844e+02
4.049561938049374143e-01 2.051000520410324555e+02 5.064746636270161844e+02
5.642522739441230284e-01 2.857794806466287127e+02 5.064746636270161844e+02
1.786126071128899540e+00 9.046276010704533519e+02 5.064746636270161844e+02
6.110349810630079093e-01 3.094737364982271401e+02 5.064746636270161844e+02
4.512845071908460626e-01 2.285641689795675120e+02 5.064746636270161844e+02
1.589487158132820710e+00 8.050349737547822997e+02 5.064746636270161844e+02
5.034104011583080407e-01 2.549646135929953630e+02 5.064746636270161844e+02
3.815990084347325451e-01 1.932702294373840743e+02 5.064746636270161844e+02
1.005497241065133052e+00 5.092588769463561107e+02 5.064746636270161844e+02
9.914391934305292198e-01 5.021388319993675395e+02 5.064746636270161844e+02
2.407757261402496407e-01 1.219468049064334991e+02 5.064746636270161844e+02
6.590306707227023830e-01 3.337823372741675598e+02 5.064746636270161844e+02
8.378428268498920861e-01 4.243461639011074453e+02 5.064746636270161844e+02
2.814090816820067342e-01 1.425265699864818885e+02 5.064746636270161844e+02
1.226782478446511560e+00 6.213342431147141269e+02 5.064746636270161844e+02
3.798384503755498631e+00 1.923785513865636858e+03 5.064746636270161844e+02
5.252705742157562918e-01 2.660362373890948220e+02 5.064746636270161844e+02
4.369033885769457171e-01 2.212804967670121243e+02 5.064746636270161844e+02
2.552426535810592423e-01 1.292739371157339860e+02 5.064746636270161844e+02
2.592061159543171955e-01 1.312813303880281524e+02 5.064746636270161844e+02
5.076620879856161839e-01 2.571179852487036328e+02 5.064746636270161844e+02
6.319306177838803773e-01 3.200568470777033667e+02 5.064746636270161844e+02
7.451340842958643629e-01 3.773915347007726382e+02 5.064746636270161844e+02
3.221057119230083643e+00 1.631383820985462307e+03 5.064746636270161844e+02
1.091472302915329040e+00 5.528030674772460316e+02 5.064746636270161844e+02
1.245915895201530343e+00 6.310248339297478424e+02 5.064746636270161844e+02
9.168416573137456727e-01 4.643570699872153682e+02 5.064746636270161844e+02
1.786929911352410194e+00 9.050347257772657485e+02 5.064746636270161844e+02
8.005565162784078481e-01 4.054615922965224968e+02 5.064746636270161844e+02
6.840677913498224294e-01 3.464630045219772114e+02 5.064746636270161844e+02
3.542472756720824734e-01 1.794172697868048374e+02 5.064746636270161844e+02
3.313063222251956264e-01 1.677982581065097918e+02 5.064746636270161844e+02
1.810984819188276695e+00 9.172179271320151202e+02 5.064746636270161844e+02
9.775647611372084711e-01 4.951117835705920811e+02 5.064746636270161844e+02
8.348563989278608988e-01 4.228336138238503850e+02 5.064746636270161844e+02
1.637381299653115407e+00 8.292921429709782615e+02 5.064746636270161844e+02
8.969110030793540078e-01 4.542626985879854828e+02 5.064746636270161844e+02
6.537667262681160496e-01 3.311162827771796628e+02 5.064746636270161844e+02
4.397850727449136854e-01 2.227399967866629993e+02 5.064746636270161844e+02
3.485420925784076251e-01 1.765277390985053501e+02 5.064746636270161844e+02
1.995396051533935844e-01 1.010617544003326458e+02 5.064746636270161844e+02
8.287315665538012022e-01 4.197315414074266187e+02 5.064746636270161844e+02
2.914111660231463730e-01 1.475923722887296208e+02 5.064746636270161844e+02
7.507348859832457810e-01 3.802281988514307614e+02 5.064746636270161844e+02
4.233304604398118731e-01 2.144061525543235973e+02 5.064746636270161844e+02
1.252862732532542323e+00 6.345432310302437600e+02 5.064746636270161844e+02
9.079703800757786825e-01 4.598639928321740626e+02 5.064746636270161844e+02
2.970552020300904483e-01 1.504509335268454038e+02 5.064746636270161844e+02
2.338657701749368711e-01 1.184470872832242208e+02 5.064746636270161844e+02
5.376383148660554001e-01 2.723001846747812351e+02 5.064746636270161844e+02
9.435518047124055174e-01 4.778850829063796368e+02 5.064746636270161844e+02
1.291724115342568702e+00 6.542255368170325482e+02 5.064746636270161844e+02
3.897101605780001754e-01 1.973783224907731153e+02 5.064746636270161844e+02
3.775709618940225609e-01 1.912301259206040243e+02 5.064746636270161844e+02
7.098570865167901367e-01 3.595246291168450057e+02 5.064746636270161844e+02
1.633115265049065901e+00 8.271315045298709947e+02 5.064746636270161844e+02
1.687176106129474107e+00 8.545119508314643326e+02 5.064746636270161844e+02
4.291656364194643136e-01 2.173615213458225242e+02 5.064746636270161844e+02
1.340163342693543536e+00 6.787587781959700806e+02 5.064746636270161844e+02
8.557325106270190496e-01 4.334068354745215288e+02 5.064746636270161844e+02
1.394214277206996089e+00 7.061342070723968618e+02 5.064746636270161844e+02
8.714939130956890212e-01 4.413895864881311581e+02 5.064746636270161844e+02
5.375816858967163991e-01 2.722715035365837366e+02 5.064746636270161844e+02
6.707543545690921594e-01 3.397200861067373125e+02 5.064746636270161844e+02
3.404257995843572582e-01 1.724170423344453695e+02 5.064746636270161844e+02
1.062427717122575999e+00 5.380927206576753861e+02 5.064746636270161844e+02
3.662880994344733798e-01 1.855156419516539756e+02 5.064746636270161844e+02
1.077196933505276233e+00 5.455729545571381323e+02 5.064746636270161844e+02
4.414502250566209041e-01 2.235833542436226651e+02 5.064746636270161844e+02
6.023251678935069853e-01 3.050624368029500033e+02 5.064746636270161844e+02
1.487726303819166374e+00 7.534956792958763572e+02 5.064746636270161844e+02
3.292309520508543419e-01 1.667471356955587396e+02 5.064746636270161844e+02
5.214497587207767015e-01 2.641010911464941273e+02 5.064746636270161844e+02
2.326561246826717722e-01 1.178344324894213173e+02 5.064746636270161844e+02
8.764218753280583751e-01 4.438854745021370718e+02 5.064746636270161844e+02
8.378834983986988005e-01 4.243667630101085138e+02 5.064746636270161844e+02
3.536686112609638832e-01 1.791241909238306391e+02 5.064746636270161844e+02
1.449766563110445272e+00 7.342700323890580876e+02 5.064746636270161844e+02
4.471743000193685869e-01 2.264824531849561140e+02 5.064746636270161844e+02
7.447615220758276866e-01 3.772028413756993928e+02 5.064746636270161844e+02
1.623016994928074830e+00 8.220169865671273328e+02 5.064746636270161844e+02
1.288123625371505154e+00 6.524019798700456931e+02 5.064746636270161844e+02
4.425825453226504558e-01 2.241568457694780250e+02 5.064746636270161844e+02
6.745048703907997600e-01 3.416196273459644317e+02 5.064746636270161844e+02
1.397112345114011278e+00 7.076020050407705639e+02 5.064746636270161844e+02
6.174069346560597804e-01 3.127009695509150333e+02 5.064746636270161844e+02
6.739282653752382002e-01 3.413275915146622879e+02 5.064746636270161844e+02
6.384194615090245106e-01 3.233432820207240184e+02 5.064746636270161844e+02
3.355495959317569277e-01 1.699473687297177946e+02 5.064746636270161844e+02
2.583620252744587842e-01 1.308538198448761705e+02 5.064746636270161844e+02
1.895632121386135127e+00 9.600896410396098872e+02 5.064746636270161844e+02
2.818350736238943721e+00 1.427423241119572367e+03 5.064746636270161844e+02
3.062970375097383569e-01 1.551316890426962800e+02 5.064746636270161844e+02
7.838545499455257248e-01 3.970024695161662862e+02 5.064746636270161844e+02
4.155163414471411687e-01 2.104484992659692182e+02 5.064746636270161844e+02
5.107892000234737218e-01 2.587017882662015609e+02 5.064746636270161844e+02
1.162188330999966768e+00 5.886189440144514720e+02 5.064746636270161844e+02
6.300287335433694125e-01 3.190935908967330192e+02 5.064746636270161844e+02
2.288847539305771395e-01 1.159243287563414242e+02 5.064746636270161844e+02
1.042812813072517608e+00 5.281582687268459040e+02 5.064746636270161844e+02
9.116941516740041385e-01 4.617499887998091026e+02 5.064746636270161844e+02
4.289667599530520570e-01 2.172607954543930475e+02 5.064746636270161844e+02
9.938796275224135446e-01 5.033748500351585449e+02 5.064746636270161844e+02
1.090525924475644892e+00 5.523237507753431146e+02 5.064746636270161844e+02
2.071018777278986756e-01 1.048918538587609106e+02 5.064746636270161844e+02
2.765368677993215729e-01 1.400589170991300421e+02 5.064746636270161844e+02
2.754994823783014191e+00 1.395335076669672844e+03 5.064746636270161844e+02
2.458377434162647646e+00 1.245105884035774125e+03 5.064746636270161844e+02
3.059980265265793142e-01 1.549802475555800356e+02 5.064746636270161844e+02
1.352241988073563661e+00 6.848763060518857628e+02 5.064746636270161844e+02
1.117296612631178743e+00 5.658824260539809075e+02 5.064746636270161844e+02
2.027948350333823591e+00 1.027104458588285752e+03 5.064746636270161844e+02
6.681503629755007889e-01 3.384012303402855082e+02 5.064746636270161844e+02
4.227716039698616868e-01 2.141231059116898052e+02 5.064746636270161844e+02
9.613896592948533160e-01 4.869195043058525130e+02 5.064746636270161844e+02
8.556423933813464000e-01 4.333611933728324743e+02 5.064746636270161844e+02
8.133679955578897447e-01 4.119502819551626089e+02 5.064746636270161844e+02
4.010073999606762030e+00 2.031000880070278072e+03 5.064746636270161844e+02
1.250096813406664342e+00 6.331423630713451303e+02 5.064746636270161844e+02
7.793215021807212706e-01 3.947065956742817434e+02 5.064746636270161844e+02
7.657981800429594088e-01 3.878573756434390702e+02 5.064746636270161844e+02
6.960529529173494767e-01 3.525331851954059061e+02 5.064746636270161844e+02
3.664371150622683926e-01 1.855911145916166163e+02 5.064746636270161844e+02
9.181295270268328146e-01 4.650093433669466094e+02 5.064746636270161844e+02
6.683199672967984339e-01 3.384871306318644315e+02 5.064746636270161844e+02
1.175854163010231490e+00 5.955403416850336953e+02 5.064746636270161844e+02
1.979627485805913967e+00 1.002631164980346057e+03 5.064746636270161844e+02
1.839798373131851905e+00 9.318112621734862842e+02 5.064746636270161844e+02
8.393578968246440120e-01 4.251135084569413038e+02 5.064746636270161844e+02
6.537246639784901614e-01 3.310949792931899651e+02 5.064746636270161844e+02
9.454963052791053313e-01 4.788699231768214872e+02 5.064746636270161844e+02
2.998745792889685458e-01 1.518788766756733253e+02 5.064746636270161844e+02
5.966402393675556137e-01 3.021831645400251318e+02 5.064746636270161844e+02
8.497047830220456621e-01 4.303539441633573688e+02 5.064746636270161844e+02
7.137911101383032086e-01 3.615171124072516022e+02 5.064746636270161844e+02
1.206622864929675298e+00 6.111239096399239088e+02 5.064746636270161844e+02
8.376897647258642055e-01 4.242686418133263828e+02 5.064746636270161844e+02
1.152066672835177163e+00 5.834925806000920829e+02 5.064746636270161844e+02
3.966582348068803388e-01 2.008973460487007117e+02 5.064746636270161844e+02
1.035795945295828524e+00 5.246044029799320469e+02 5.064746636270161844e+02
8.415641552240860079e-01 4.262309224376729730e+02 5.064746636270161844e+02
6.823717532147149933e-01 3.456040041780000820e+02 5.064746636270161844e+02
9.304866002296264815e-01 4.712678878607459296e+02 5.064746636270161844e+02
1.463507330320834798e+00 7.412293828399173208e+02 5.064746636270161844e+02
1.161399700326316120e+00 5.882195225592884071e+02 5.064746636270161844e+02
1.455975922978530512e+00 7.374149158395856603e+02 5.064746636270161844e+02
2.479517886155890416e+00 1.255812987347974740e+03 5.064746636270161844e+02
7.476077728165886338e-01 3.786443952622244637e+02 5.064746636270161844e+02
2.422867229025809643e-01 1.227120864833767655e+02 5.064746636270161844e+02
4.202380792212750960e-01 2.128399398168586742e+02 5.064746636270161844e+02
1.438695039440123224e+00 7.286625861622932234e+02 5.064746636270161844e+02
3.384904714269424963e-01 1.714368476569108282e+02 5.064746636270161844e+02
2.825481689348432468e-01 1.431034888197040686e+02 5.064746636270161844e+02
1.460497825692361307e+00 7.397051449955272346e+02 5.064746636270161844e+02
2.943263303475510906e+00 1.490688291593499798e+03 5.064746636270161844e+02
2.825579576916296132e-01 1.431084465770047700e+02 5.064746636270161844e+02
2.054425305808385893e+00 1.040514365706132139e+03 5.064746636270161844e+02
5.618664723566944019e-01 2.845711325901550026e+02 5.064746636270161844e+02
8.192362675439941455e-01 4.149224130353966871e+02 5.064746636270161844e+02
3.256117862845114841e-01 1.649141199314398420e+02 5.064746636270161844e+02
2.928267025303760707e-01 1.483093056650805579e+02 5.064746636270161844e+02
6.211287698064501539e-01 3.145859847567842280e+02 5.064746636270161844e+02
3.608812315355365286e-01 1.827772003512642129e+02 5.064746636270161844e+02
8.709518496884401939e-01 4.411150451062803199e+02 5.064746636270161844e+02
7.545043162269791104e-01 3.821373197661910694e+02 5.064746636270161844e+02
2.911852980413388026e-01 1.474779758786195316e+02 5.064746636270161844e+02
2.861123100098499905e-01 1.449086359717873620e+02 5.064746636270161844e+02
1.237513801688857384e+00 6.267693864441540654e+02 5.064746636270161844e+02
1.332776031032929964e+00 6.750172920075528964e+02 5.064746636270161844e+02
9.943330637925200666e-01 5.036045040175370104e+02 5.064746636270161844e+02
6.017552975704567597e-01 3.047738119227720972e+02 5.064746636270161844e+02
9.967496456623600176e-01 5.048284415071913713e+02 5.064746636270161844e+02
1.304529165745658359e+00 6.607109704126643237e+02 5.064746636270161844e+02
5.949735769033078769e-01 3.013390422290655124e+02 5.064746636270161844e+02
4.583726347194732598e-01 2.321541259853743782e+02 5.064746636270161844e+02
1.309238033111685073e+00 6.630958924279369739e+02 5.064746636270161844e+02
1.298126247463768257e+00 6.574680545296128003e+02 5.064746636270161844e+02
3.139660889048673797e-01 1.590158692683825734e+02 5.064746636270161844e+02
6.539070865953676703e-01 3.311873717267109782e+02 5.064746636270161844e+02
1.626456982496391035e+00 8.237592531136714342e+02 5.064746636270161844e+02
3.503385674061080812e-01 1.774376080825793167e+02 5.064746636270161844e+02
6.765007965764466835e-01 3.426305133894643404e+02 5.064746636270161844e+02
9.162370363948768581e-01 4.640508448107094637e+02 5.064746636270161844e+02
5.238392899105110967e-01 2.653113281520411419e+02 5.064746636270161844e+02
3.389914975645119899e+00 1.716906047014046862e+03 5.064746636270161844e+02
7.761056136428561292e-01 3.930778296088045636e+02 5.064746636270161844e+02
5.110497932975639479e+00 2.588337721570398571e+03 5.064746636270161844e+02
2.889359488916307672e-01 1.463387375246414308e+02 5.064746636270161844e+02
2.937650735750994446e+00 1.487845668243141517e+03 5.064746636270161844e+02
2.265383153739802147e+00 1.147359170776675455e+03 5.064746636270161844e+02
2.651445546075344439e-01 1.342889991073860187e+02 5.064746636270161844e+02
5.191993377487239547e-01 2.629613099416545197e+02 5.064746636270161844e+02
2.000490822500947008e+00 1.013197916415100053e+03 5.064746636270161844e+02
1.665088835766030062e+00 8.433253080037001155e+02 5.064746636270161844e+02
2.610905687763487748e+00 1.322357579971875793e+03 5.064746636270161844e+02
7.446263422041611291e-01 3.771343761956679259e+02 5.064746636270161844e+02
3.706062231372942439e-01 1.877026622015399937e+02 5.064746636270161844e+02
3.117454092274474786e-01 1.578911512757379683e+02 5.064746636270161844e+02
6.762374355559195305e-01 3.424971277051803895e+02 5.064746636270161844e+02
6.444903594307784811e-01 3.264180380035583084e+02 5.064746636270161844e+02
5.850252269737522548e-01 2.963004550448499685e+02 5.064746636270161844e+02
8.485286954112013502e-01 4.297582855862590918e+02 5.064746636270161844e+02
1.155792993474410002e+00 5.853798675924139161e+02 5.064746636270161844e+02
1.737340455101423098e+00 8.799189226031004409e+02 5.064746636270161844e+02
2.290036251457187311e-01 1.159845340150451989e+02 5.064746636270161844e+02
1.097391950750745027e+00 5.558012191234787451e+02 5.064746636270161844e+02
8.068656724792080404e-01 4.086570200610930783e+02 5.064746636270161844e+02
1.227404412966264236e+00 6.216492371914039268e+02 5.064746636270161844e+02
3.389470957374979276e-01 1.716681163010033231e+02 5.064746636270161844e+02
2.848200326955350636e+00 1.442541302537068759e+03 5.064746636270161844e+02
1.180269508671039524e+00 5.977766023933884298e+02 5.064746636270161844e+02
1.992453034218478747e-01 1.009126980298431846e+02 5.064746636270161844e+02
8.259985879576883239e-01 4.183473569922605293e+02 5.064746636270161844e+02
2.370022963722602682e+00 1.200356583339709232e+03 5.064746636270161844e+02
6.713081572454193680e-01 3.400005731309458383e+02 5.064746636270161844e+02
5.281809178104551750e-01 2.675102526822589653e+02 5.064746636270161844e+02
4.493334734072703673e-01 2.275760198003060850e+02 5.064746636270161844e+02
2.253098405464266096e-01 1.141137257026080647e+02 5.064746636270161844e+02
6.312155701883668257e-01 3.196946935872883273e+02 5.064746636270161844e+02
1.161717402693049905e+00 5.883804307586133291e+02 5.064746636270161844e+02
2.506208659045544573e-01 1.269331187569207486e+02 5.064746636270161844e+02
1.346398320939595772e+00 6.819166367058611513e+02 5.064746636270161844e+02
1.248998697497284649e+00 6.325861951855185907e+02 5.064746636270161844e+02
8.861411311119679057e-01 4.488080313059975879e+02 5.064746636270161844e+02
1.556611349051328252e+00 7.883842094087673331e+02 5.064746636270161844e+02
2.133533765892460465e+00 1.080580796417264992e+03 5.064746636270161844e+02
6.155607526504535132e-01 3.117659251406313388e+02 5.064746636270161844e+02
1.218291959594850704e+00 6.170340104353003881e+02 5.064746636270161844e+02
2.207838721647903957e-01 1.118214373889323525e+02 5.064746636270161844e+02
9.001349551691427697e-01 4.558955486382108688e+02 5.064746636270161844e+02
1.813766561532246913e+00 9.186268091499745196e+02 5.064746636270161844e+02
7.049087148989063856e-01 3.570184042661758781e+02 5.064746636270161844e+02
1.355987149995464769e+00 6.867731356765093551e+02 5.064746636270161844e+02
2.879176942076682733e-01 1.458230173260948845e+02 5.064746636270161844e+02
3.080479316827631209e-01 1.560184725800255023e+02 5.064746636270161844e+02
1.244406843212773062e+00 6.302605373313463133e+02 5.064746636270161844e+02
2.425031502097997116e+00 1.228217014310000877e+03 5.064746636270161844e+02
9.883464504749475132e-01 5.005724360512544422e+02 5.064746636270161844e+02
5.228753233977838644e-01 2.648231035367599020e+02 5.064746636270161844e+02
4.977162863577031526e-01 2.520806887147053601e+02 5.064746636270161844e+02
1.951228962532016054e+00 9.882480324576946487e+02 5.064746636270161844e+02
5.582268949606032926e-01 2.827277788527252369e+02 5.064746636270161844e+02
2.498501200764455810e-01 1.265427555228873757e+02 5.064746636270161844e+02
3.066857214599947312e-01 1.553285476156596019e+02 5.064746636270161844e+02
3.336315239639220831e+00 1.689759138749962176e+03 5.064746636270161844e+02
1.939767713759219803e-01 9.824432003407470404e+01 5.064746636270161844e+02
1.252820953492612910e+00 6.345220710050488151e+02 5.064746636270161844e+02
1.267094375881198776e+00 6.417511978081141706e+02 5.064746636270161844e+02
6.858650706938217434e-01 3.473732809731730526e+02 5.064746636270161844e+02
2.982310882363037319e+00 1.510464900976009176e+03 5.064746636270161844e+02
3.634232406938049387e-01 1.840646635846349852e+02 5.064746636270161844e+02
5.040881072379684857e-01 2.553078545517293492e+02 5.064746636270161844e+02
7.328785845164981216e-01 3.711844345724371124e+02 5.064746636270161844e+02
3.617013291331127589e-01 1.831925590061379410e+02 5.064746636270161844e+02
2.222529561227461758e-01 1.125654911923778627e+02 5.064746636270161844e+02
1.728438352411565626e+00 8.754102331376817574e+02 5.064746636270161844e+02
2.704097701289059907e-01 1.369556973674964411e+02 5.064746636270161844e+02
2.303094049880569372e-01 1.166458784214643742e+02 5.064746636270161844e+02
3.271356480078261852e-01 1.656859172851697224e+02 5.064746636270161844e+02
1.798206995438027089e+00 9.107462831462221402e+02 5.064746636270161844e+02
2.744297940772404409e+00 1.389917376445016771e+03 5.064746636270161844e+02
7.896215315730454876e-01 3.999232995961075403e+02 5.064746636270161844e+02
2.451941863890159945e-01 1.241846430746767851e+02 5.064746636270161844e+02
3.408973020213750260e-01 1.726558463726332491e+02 5.064746636270161844e+02
5.166932279801752514e-01 2.616920288396164551e+02 5.064746636270161844e+02
1.494008605517080479e+00 7.566775059351308528e+02 5.064746636270161844e+02
3.629733140443783257e-01 1.838367871362098356e+02 5.064746636270161844e+02
8.549455370625851369e-01 4.330082533031915091e+02 5.064746636270161844e+02
4.348606472624643615e+00 2.202459000468831618e+03 5.064746636270161844e+02
1.004327876762432403e+00 5.086666235544882966e+02 5.064746636270161844e+02
1.131860854390117410e+00 5.732588454998218594e+02 5.064746636270161844e+02
1.088291025270705648e+00 5.511918309522811796e+02 5.064746636270161844e+02
3.799824914131859077e-01 1.924515045226488894e+02 5.064746636270161844e+02
1.421722212105541949e+00 7.200662791472117306e+02 5.064746636270161844e+02
1.442731328919130362e+00 7.307068645184746174e+02 5.064746636270161844e+02
2.037368086827349600e+00 1.031875316460299473e+03 5.064746636270161844e+02
1.021325131970129529e+00 5.172753026683892585e+02 5.064746636270161844e+02
2.801632593222692091e-01 1.418955925258948128e+02 5.064746636270161844e+02
1.868322727745602929e+00 9.462581250816635929e+02 5.064746636270161844e+02
1.015573449963581787e+00 5.143622214588334600e+02 5.064746636270161844e+02
1.952318530971375588e-01 9.887998712665178402e+01 5.064746636270161844e+02
1.734568061154334595e+00 8.785147753113072895e+02 5.064746636270161844e+02
3.315931010255527944e+00 1.679435043029560575e+03 5.064746636270161844e+02
2.721831547739996360e+00 1.378538717591015484e+03 5.064746636270161844e+02
8.331139222170764747e-01 4.219510935178779505e+02 5.064746636270161844e+02
3.771955654871014030e+00 1.910399971516818368e+03 5.064746636270161844e+02
4.567234252955084117e-01 2.313188431971212822e+02 5.064746636270161844e+02
2.292767676855368197e+00 1.161228737910217887e+03 5.064746636270161844e+02
7.193758199338661230e-01 3.643456264224138295e+02 5.064746636270161844e+02
4.066225921605391980e-01 2.059440405876544844e+02 5.064746636270161844e+02
3.049154769439553214e-01 1.544319636198609942e+02 5.064746636270161844e+02
4.804942174974154989e-01 2.433581471817298620e+02 5.064746636270161844e+02
4.682046198110911273e-01 2.371337773274373717e+02 5.064746636270161844e+02
9.624745638562971495e-01 4.874689809786772230e+02 5.064746636270161844e+02
1.879383022300616712e+00 9.518598840460299471e+02 5.064746636270161844e+02
3.330985288264800004e-01 1.687059653420454026e+02 5.064746636270161844e+02
3.325560287363387157e-01 1.684312027913734653e+02 5.064746636270161844e+02
1.053881579733086937e+00 5.337643185980236922e+02 5.064746636270161844e+02
5.414439866749795049e-01 2.742276610240808736e+02 5.064746636270161844e+02
1.999007878076664024e+00 1.012446842636633846e+03 5.064746636270161844e+02
2.128053157265341611e+00 1.077805007006373671e+03 5.064746636270161844e+02
1.022366959029681333e+00 5.178029616779332400e+02 5.064746636270161844e+02
2.129987589092329214e-01 1.078784747715256600e+02 5.064746636270161844e+02
1.263222350870763844e+00 6.397901152433987590e+02 5.064746636270161844e+02
2.685787765801831428e-01 1.360283455258037861e+02 5.064746636270161844e+02
1.235545072822898272e+00 6.257722751539946557e+02 5.064746636270161844e+02
2.555843751883697945e-01 1.294470104518507014e+02 5.064746636270161844e+02
1.417114569020332171e+00 7.177326246655167097e+02 5.064746636270161844e+02
4.568617859436946427e-01 2.313889193598706129e+02 5.064746636270161844e+02
2.083519415768253946e+00 1.055249795261583586e+03 5.064746636270161844e+02
5.873107826193733061e-01 2.974580310716667100e+02 5.064746636270161844e+02
5.763335200921034795e-01 2.918983257256222714e+02 5.064746636270161844e+02
2.835806889530566588e-01 1.436264340486168862e+02 5.064746636270161844e+02
3.656027913774454241e+00 1.851685507839898492e+03 5.064746636270161844e+02
5.076284691425375639e-01 2.571009581564638893e+02 5.064746636270161844e+02
2.406829333283661276e-01 1.218998076982477983e+02 5.064746636270161844e+02
2.221222088084283897e+00 1.124992709903386185e+03 5.064746636270161844e+02
3.923081082475790016e-01 1.986941171628436393e+02 5.064746636270161844e+02
1.125780144865777377e+00 5.701791201888681826e+02 5.064746636270161844e+02
9.304529803448842173e-01 4.712508602409299101e+02 5.064746636270161844e+02
2.649484717659459365e-01 1.341896881161494548e+02 5.064746636270161844e+02
1.121688794929244892e+00 5.681069551059824789e+02 5.064746636270161844e+02
2.577360876605239715e-01 1.305367983024070213e+02 5.064746636270161844e+02
8.323356644994921449e-01 4.215569257021492717e+02 5.064746636270161844e+02
1.483887932013974620e+00 7.515516412269664670e+02 5.064746636270161844e+02
1.244360654500390240e+00 6.302371439187788837e+02 5.064746636270161844e+02
