2.019204074712423747e-01 4.188879685772390644e+02 2.074520222216257935e+03
9.723580573064407595e-01 2.017176453117126357e+03 2.074520222216257935e+03
6.340246052131645049e-01 1.315296864897389241e+03 2.074520222216257935e+03
1.568137149384075002e+00 3.253132227605820390e+03 2.074520222216257935e+03
1.388489156776992584e+00 2.880448834061871366e+03 2.074520222216257935e+03
5.226379924316769676e-01 1.084223084198021525e+03 2.074520222216257935e+03
2.444746106105207262e-01 5.071675235299705946e+02 2.074520222216257935e+03
2.565459897452723736e-01 5.322098436550522820e+02 2.074520222216257935e+03
2.946154034607572636e-01 6.111856122557426261e+02 2.074520222216257935e+03
2.442780915980656831e-01 5.067598408645826566e+02 2.074520222216257935e+03
1.032278810936710034e+00 2.141483268253558435e+03 2.074520222216257935e+03
4.773192584456762422e-01 9.902084540988237222e+02 2.074520222216257935e+03
1.553702715019949832e+00 3.223187701621189717e+03 2.074520222216257935e+03
2.301841066686215242e+00 4.775215841168395855e+03 2.074520222216257935e+03
7.784073900789756362e-01 1.614821871841413895e+03 2.074520222216257935e+03
1.302025028774230542e+00 2.701077252023846540e+03 2.074520222216257935e+03
4.655629499151325290e-01 9.658197543135972865e+02 2.074520222216257935e+03
2.330733860981031746e+00 4.835154527209327171e+03 2.074520222216257935e+03
3.596470416089692090e-01 7.460950606780585304e+02 2.074520222216257935e+03
2.836663080972344542e+00 5.884714925091403529e+03 2.074520222216257935e+03
4.166452314113928135e-01 8.643389580529068326e+02 2.074520222216257935e+03
1.125499524740489754e+00 2.334871524168933320e+03 2.074520222216257935e+03
1.019859707812122984e+00 2.115719587679813230e+03 2.074520222216257935e+03
2.368671082651911675e-01 4.913856060740267822e+02 2.074520222216257935e+03
8.877938006331327347e-01 1.841746192571662732e+03 2.074520222216257935e+03
8.933829170487559423e-01 1.853340927600193936e+03 2.074520222216257935e+03
4.443232929876291259e-01 9.217576565045558254e+02 2.074520222216257935e+03
1.968865936789167437e+00 4.084452200701884522e+03 2.074520222216257935e+03
4.699744500026917238e-01 9.749715004555475844e+02 2.074520222216257935e+03
2.370428070607772053e+00 4.917500967784891145e+03 2.074520222216257935e+03
2.160626204669155559e+00 4.482262754236526234e+03 2.074520222216257935e+03
5.082373810517066826e-01 1.054348724677995506e+03 2.074520222216257935e+03
6.291506906612935879e-01 1.305185830598178882e+03 2.074520222216257935e+03
8.070603509787270813e-01 1.674263018654319922e+03 2.074520222216257935e+03
4.715467159978067868e-01 9.782331980571168515e+02 2.074520222216257935e+03
2.114402026759595099e+00 4.386369762407821327e+03 2.074520222216257935e+03
1.915698164326202768e+00 3.974154581557271740e+03 2.074520222216257935e+03
4.834074970456126996e-01 1.002838628192069564e+03 2.074520222216257935e+03
3.055121361446142103e+00 6.337911045644887054e+03 2.074520222216257935e+03
6.153900117244212042e-01 1.276639023872211965e+03 2.074520222216257935e+03
3.398498745641721497e-01 7.050254373010337758e+02 2.074520222216257935e+03
5.473815026847269616e-01 1.135553996586588937e+03 2.074520222216257935e+03
1.682226212888333849e+00 3.489812296979120219e+03 2.074520222216257935e+03
5.883316475040877291e-01 1.220505900117037299e+03 2.074520222216257935e+03
4.053347066593793735e-01 8.408750457309773765e+02 2.074520222216257935e+03
1.774240683843543387e+00 3.680698177712233246e+03 2.074520222216257935e+03
2.191656310782886252e-01 4.546635336866977468e+02 2.074520222216257935e+03
8.290029600129986687e-01 1.719783404824101581e+03 2.074520222216257935e+03
7.985645595959167675e-01 1.656638327626949376e+03 2.074520222216257935e+03
3.084549027261191956e-01 6.398959333470829733e+02 2.074520222216257935e+03
4.864490703779847935e-01 1.009148433577429159e+03 2.074520222216257935e+03
9.974614840258498871e-01 2.069254019493464511e+03 2.074520222216257935e+03
1.271126539018782253e+00 2.636977710190226844e+03 2.074520222216257935e+03
7.270138015417895172e-01 1.508204833128759674e+03 2.074520222216257935e+03
9.353673421353835282e-01 1.940438466460526342e+03 2.074520222216257935e+03
1.469202327515506390e+00 3.047889938958111543e+03 2.074520222216257935e+03
7.327920384225078410e-01 1.520191902386565516e+03 2.074520222216257935e+03
9.109433086701852478e-01 1.889770315128885841e+03 2.074520222216257935e+03
4.407853330417824678e-01 9.144180870515058359e+02 2.074520222216257935e+03
5.931232521409549596e-01 1.230446180833083417e+03 2.074520222216257935e+03
1.690830620283749752e+00 3.507662314121098007e+03 2.074520222216257935e+03
4.827491478341098485e+00 1.001472869439526767e+04 2.074520222216257935e+03
5.606688250060010148e-01 1.163118815441177503e+03 2.074520222216257935e+03
1.744031457649360961e+00 3.618028527074896374e+03 2.074520222216257935e+03
3.302126438990274360e-01 6.850328074000284460e+02 2.074520222216257935e+03
5.164116116763001196e-01 1.071306331409773975e+03 2.074520222216257935e+03
1.254515094503223960e+00 2.602516932622478180e+03 2.074520222216257935e+03
1.329731199118901586e+00 2.758554262684034711e+03 2.074520222216257935e+03
4.517247473332739460e-01 9.371121232184063956e+02 2.074520222216257935e+03
6.132750894839152922e-01 1.272251574915867423e+03 2.074520222216257935e+03
2.116289631669759363e-01 4.390285636965512026e+02 2.074520222216257935e+03
3.236136596804314314e-01 6.713430811924650925e+02 2.074520222216257935e+03
1.106596467255615890e+00 2.295656749154846239e+03 2.074520222216257935e+03
2.250298541057683122e-01 4.668289829447905959e+02 2.074520222216257935e+03
2.739733579175029354e-01 5.683632713483525549e+02 2.074520222216257935e+03
1.650875972592269036e+00 3.424775589513594696e+03 2.074520222216257935e+03
1.668964512546972534e+00 3.462300631439994049e+03 2.074520222216257935e+03
4.558190556380770642e-01 9.456058485927085258e+02 2.074520222216257935e+03
1.357767948537197400e+00 2.816717066317499302e+03 2.074520222216257935e+03
3.247614729590147409e+00 6.737242430502144998e+03 2.074520222216257935e+03
2.248033074482465310e-01 4.663590073224861499e+02 2.074520222216257935e+03
2.532351551086954866e-01 5.253414502490595623e+02 2.074520222216257935e+03
8.357553544415556868e-01 1.733791383614523511e+03 2.074520222216257935e+03
5.627282703897946714e-01 1.167391176536407329e+03 2.074520222216257935e+03
5.471785553454472373e-01 1.135132978227208241e+03 2.074520222216257935e+03
5.429227064742899733e-01 1.126304133681296207e+03 2.074520222216257935e+03
1.101092817406354119e+00 2.284239316246555063e+03 2.074520222216257935e+03
2.361164965066630539e-01 4.898284468019269298e+02 2.074520222216257935e+03
1.292136607733931797e+00 2.680563522609958000e+03 2.074520222216257935e+03
8.107236735497778124e-01 1.681862655408466026e+03 2.074520222216257935e+03
3.016273051059971677e-01 6.257319440149842649e+02 2.074520222216257935e+03
2.339158503677683243e-01 4.852631618848477046e+02 2.074520222216257935e+03
4.972751574331770175e-01 1.031607370100899061e+03 2.074520222216257935e+03
1.837164319257932776e+00 3.811234531834747031e+03 2.074520222216257935e+03
3.618581358907666523e-01 7.506820204788740512e+02 2.074520222216257935e+03
2.284116054321652933e-01 4.738444944579077855e+02 2.074520222216257935e+03
8.554115803694775089e-01 1.774568621794448973e+03 2.074520222216257935e+03
1.993769003020378905e-01 4.136114115193723251e+02 2.074520222216257935e+03
4.344664957625345991e-01 9.013095313348121635e+02 2.074520222216257935e+03
7.219263693402285798e-01 1.497650852147467276e+03 2.074520222216257935e+03
8.075903411812832555e-01 1.675362494047099290e+03 2.074520222216257935e+03
3.337120193397679069e-01 6.922923325169714417e+02 2.074520222216257935e+03
9.875219046586843907e-01 2.048634161095956188e+03 2.074520222216257935e+03
1.095955458664279458e+00 2.273581761647341864e+03 2.074520222216257935e+03
1.868727510805710867e+00 3.876713010978297916e+03 2.074520222216257935e+03
5.938892921110089373e-01 1.232035346241986417e+03 2.074520222216257935e+03
8.540591325971458314e-01 1.771762941541255486e+03 2.074520222216257935e+03
9.791610415720926053e-01 2.031289381547640232e+03 2.074520222216257935e+03
2.512055310407120268e-01 5.211309540765309976e+02 2.074520222216257935e+03
3.040720175515384316e+00 6.308035494207633747e+03 2.074520222216257935e+03
1.569978321965989077e+00 3.256951777359591233e+03 2.074520222216257935e+03
8.115603274261831146e-01 1.683598310794064446e+03 2.074520222216257935e+03
1.042148221206105285e+00 2.161957559438767476e+03 2.074520222216257935e+03
4.277842935926189361e-01 8.874471678043847760e+02 2.074520222216257935e+03
3.787868195568366847e-01 7.858009170796384524e+02 2.074520222216257935e+03
2.608683838445322145e+00 5.411767376223550855e+03 2.074520222216257935e+03
4.052086660992004208e-01 8.406135720400667424e+02 2.074520222216257935e+03
3.146856888811270792e-01 6.528218252259520114e+02 2.074520222216257935e+03
1.909621266975962905e+00 3.961547935115866494e+03 2.074520222216257935e+03
1.082510053457391486e+00 2.245688996649761066e+03 2.074520222216257935e+03
8.447513220812982171e-01 1.752453700401572405e+03 2.074520222216257935e+03
1.372530569740473272e+00 2.847342422536613867e+03 2.074520222216257935e+03
3.016370748118182288e-01 6.257522114672751741e+02 2.074520222216257935e+03
1.271037579786048033e+00 2.636793162462966848e+03 2.074520222216257935e+03
9.848516166302160313e-01 2.043094594581756610e+03 2.074520222216257935e+03
3.232413011863211616e-01 6.705706159665193127e+02 2.074520222216257935e+03
2.489379033687904030e-01 5.164267146146723917e+02 2.074520222216257935e+03
1.108765852085439985e+00 2.300157181854085593e+03 2.074520222216257935e+03
8.886488930681158971e-01 1.843520099119899442e+03 2.074520222216257935e+03
1.230166679267106877e+00 2.552005652836234731e+03 2.074520222216257935e+03
1.589261529704069087e+00 3.296955181761435597e+03 2.074520222216257935e+03
8.697506385151436703e-01 1.804315287885168118e+03 2.074520222216257935e+03
3.265767628011920776e-01 6.774900985369951059e+02 2.074520222216257935e+03
1.071432790807543389e+00 2.222708991275850167e+03 2.074520222216257935e+03
3.940124526073150446e-01 8.173868007388999786e+02 2.074520222216257935e+03
1.127019894726623006e+00 2.338025562450417510e+03 2.074520222216257935e+03
1.118458053969602517e+00 2.320263850660583103e+03 2.074520222216257935e+03
8.584813609403946222e-01 1.780936943666582920e+03 2.074520222216257935e+03
2.039579709034974986e+00 4.231149351215007300e+03 2.074520222216257935e+03
7.747423009731891907e-01 1.607218570375235458e+03 2.074520222216257935e+03
1.050432243382207753e+00 2.179142930964379957e+03 2.074520222216257935e+03
3.214454897795843147e-01 6.668451688879571293e+02 2.074520222216257935e+03
1.292175938989571060e+00 2.680645116095146932e+03 2.074520222216257935e+03
4.763874195927856325e-01 9.882753355546553848e+02 2.074520222216257935e+03
7.685641572143409039e-01 1.594401886211745477e+03 2.074520222216257935e+03
9.416374449386952783e-01 1.953445921521371474e+03 2.074520222216257935e+03
5.940267066732380918e-01 1.232320415530157788e+03 2.074520222216257935e+03
1.462018527586689043e+00 3.032987000733424338e+03 2.074520222216257935e+03
3.649480642366186967e+00 7.570921393175433877e+03 2.074520222216257935e+03
2.743475109385935529e-01 5.691394593568084019e+02 2.074520222216257935e+03
1.158183528199125956e+00 2.402675150286860571e+03 2.074520222216257935e+03
9.034163207298487874e-01 1.874155426434280116e+03 2.074520222216257935e+03
1.122529101505170823e+00 2.328709321098723194e+03 2.074520222216257935e+03
7.412227238335120649e-01 1.537681529758837542e+03 2.074520222216257935e+03
4.016404734027413603e+00 8.332112841344980552e+03 2.074520222216257935e+03
2.217259102813307625e-01 4.599748846679283361e+02 2.074520222216257935e+03
3.793407628334295456e-01 7.869500836088910773e+02 2.074520222216257935e+03
4.748093542038836490e-01 9.850016069933985818e+02 2.074520222216257935e+03
6.012926680844205007e-01 1.247393799411498549e+03 2.074520222216257935e+03
1.935322689584348055e+00 4.014866056056687739e+03 2.074520222216257935e+03
7.565834707242629076e-01 1.569547709812045468e+03 2.074520222216257935e+03
2.236314647384276988e+00 4.639279959237102958e+03 2.074520222216257935e+03
3.050094347765956115e+00 6.327482404107983712e+03 2.074520222216257935e+03
1.519095880667918452e+00 3.151395123931012222e+03 2.074520222216257935e+03
5.778559678094002949e-01 1.198773890748947906e+03 2.074520222216257935e+03
3.102046334733964961e-01 6.435257851657432866e+02 2.074520222216257935e+03
5.492514364584627495e-01 1.139433212014409037e+03 2.074520222216257935e+03
1.787165648727528477e+00 3.707511278735495125e+03 2.074520222216257935e+03
4.388065279342170388e-01 9.103130158400365417e+02 2.074520222216257935e+03
5.303249445741651247e-01 1.100169821864821643e+03 2.074520222216257935e+03
1.362893891175916083e+00 2.827350937979441824e+03 2.074520222216257935e+03
1.767758380358763093e+00 3.667250508046513460e+03 2.074520222216257935e+03
1.659746495705167080e+00 3.443177669092938686e+03 2.074520222216257935e+03
2.125888277172889862e-01 4.410198221167641464e+02 2.074520222216257935e+03
1.825621071372455884e+00 3.787287830666270111e+03 2.074520222216257935e+03
6.392602630818048359e-01 1.326158343022489362e+03 2.074520222216257935e+03
3.505067460525114198e-01 7.271333327091534784e+02 2.074520222216257935e+03
7.501313681771890618e-01 1.556162692602327752e+03 2.074520222216257935e+03
1.984327504529216635e-01 4.116527535645782905e+02 2.074520222216257935e+03
3.928608658296020018e-01 8.149978106808974871e+02 2.074520222216257935e+03
3.076792313096768927e-01 6.382867873078782850e+02 2.074520222216257935e+03
1.142154000654153734e+00 2.369421571242242862e+03 2.074520222216257935e+03
3.967872834517617076e+00 8.231432434389340415e+03 2.074520222216257935e+03
4.534489321140072526e+00 9.406889794128752328e+03 2.074520222216257935e+03
4.428604171483147001e-01 9.187228909933064642e+02 2.074520222216257935e+03
4.141866317831409683e-01 8.592385434057649718e+02 2.074520222216257935e+03
1.288573919201742246e+00 2.673172653204472681e+03 2.074520222216257935e+03
5.798679249569479444e-01 1.202947736537767923e+03 2.074520222216257935e+03
2.031833315186789779e+00 4.215079300527695523e+03 2.074520222216257935e+03
2.329024105910274756e+00 4.831607605740005056e+03 2.074520222216257935e+03
8.851797491236481630e-01 1.836323289853321967e+03 2.074520222216257935e+03
1.584539927710700846e+00 3.287160122944936575e+03 2.074520222216257935e+03
8.424319006590064163e-01 1.747642013757186533e+03 2.074520222216257935e+03
1.762805843010496920e+00 3.656976369166253789e+03 2.074520222216257935e+03
1.634471645526947681e+00 3.390744481284736139e+03 2.074520222216257935e+03
1.989442376068276952e-01 4.127138440087601907e+02 2.074520222216257935e+03
1.394239747902911608e+00 2.892378551642287675e+03 2.074520222216257935e+03
4.401519339196026115e-01 9.131040877638097299e+02 2.074520222216257935e+03
4.985494656211810760e-01 1.034250948206249177e+03 2.074520222216257935e+03
1.830650267101919804e+00 3.797720998908526781e+03 2.074520222216257935e+03
7.377951888953754311e-01 1.530571039217320276e+03 2.074520222216257935e+03
2.438906380874070468e-01 5.059560607215526034e+02 2.074520222216257935e+03
2.144118153448151542e-01 4.448016468149172056e+02 2.074520222216257935e+03
2.025221087623387373e+00 4.201362100733521402e+03 2.074520222216257935e+03
2.516268176497288511e+00 5.220049216662852814e+03 2.074520222216257935e+03
5.962593139438613354e-01 1.236952004461332763e+03 2.074520222216257935e+03
2.040836528543994888e+00 4.233756648702144957e+03 2.074520222216257935e+03
1.885778407326505146e+00 3.912085440617602217e+03 2.074520222216257935e+03
3.777390843907580731e+00 7.836273692900812421e+03 2.074520222216257935e+03
6.019697579390188569e-01 1.248798436007120472e+03 2.074520222216257935e+03
1.532133809347562048e+00 3.178442570632746083e+03 2.074520222216257935e+03
1.329850716944062317e+00 2.758802204829245966e+03 2.074520222216257935e+03
1.545032081313011174e+00 3.205200296656715636e+03 2.074520222216257935e+03
1.252892129116393694e+00 2.599150058107541554e+03 2.074520222216257935e+03
2.025252614146237029e+00 4.201427503142708701e+03 2.074520222216257935e+03
8.825956820690094018e-01 1.830962590492911204e+03 2.074520222216257935e+03
1.315332135325047558e+00 2.728683113662702908e+03 2.074520222216257935e+03
6.289112335306393797e-01 1.304689071938282950e+03 2.074520222216257935e+03
4.479941984862287896e-01 9.293730241952457618e+02 2.074520222216257935e+03
5.438989057356329315e-01 1.128329278789864702e+03 2.074520222216257935e+03
8.580707867234242947e-01 1.780085199150757489e+03 2.074520222216257935e+03
2.743277717801902771e+00 5.690985100735312699e+03 2.074520222216257935e+03
3.567955821017531060e-01 7.401796502675080092e+02 2.074520222216257935e+03
1.496181194260708613e+00 3.103858143593511613e+03 2.074520222216257935e+03
3.842979764523622443e-01 7.972339235072128076e+02 2.074520222216257935e+03
4.407433440672650082e-01 9.143309800747592817e+02 2.074520222216257935e+03
2.066786511629114642e+00 4.287590413378395169e+03 2.074520222216257935e+03
3.538669371063412061e-01 7.341041170008335257e+02 2.074520222216257935e+03
1.695665841865096279e+00 3.517693079070497788e+03 2.074520222216257935e+03
2.026610826965744849e-01 4.204245143102851330e+02 2.074520222216257935e+03
2.391545164233787324e-01 4.961308805546493659e+02 2.074520222216257935e+03
2.162912022795271838e+00 4.487004730163463137e+03 2.074520222216257935e+03
1.090954555564521034e+00 2.263207287037549122e+03 2.074520222216257935e+03
7.657717004234799729e-01 1.588608878129439290e+03 2.074520222216257935e+03
3.184001460621313506e-01 6.605275417625017553e+02 2.074520222216257935e+03
3.559342248634705275e+00 7.383927472581383881e+03 2.074520222216257935e+03
1.154511135862449578e+00 2.395056698120513374e+03 2.074520222216257935e+03
6.917963379533258461e-01 1.435145492739326983e+03 2.074520222216257935e+03
1.105962559448011806e+00 2.294341694588950759e+03 2.074520222216257935e+03
4.392719595176671210e-01 9.112785630719617984e+02 2.074520222216257935e+03
1.927120651006446472e+00 3.997850761163433162e+03 2.074520222216257935e+03
1.062386693447360253e+00 2.203942679370013138e+03 2.074520222216257935e+03
2.928646781974920121e-01 6.075536972935540234e+02 2.074520222216257935e+03
2.056175786132295735e-01 4.265578248762859062e+02 2.074520222216257935e+03
7.397339755007421580e-01 1.534593091236715509e+03 2.074520222216257935e+03
2.211072826644658040e-01 4.586915291667205565e+02 2.074520222216257935e+03
1.180094706427328166e+00 2.448130332613850442e+03 2.074520222216257935e+03
8.519072970387008281e-01 1.767298915160377192e+03 2.074520222216257935e+03
4.905686916194044733e-01 1.017694671150625936e+03 2.074520222216257935e+03
3.634461652122076836e-01 7.539764194196758353e+02 2.074520222216257935e+03
5.456968415188446775e-01 1.132059132930383839e+03 2.074520222216257935e+03
4.053080207754066189e-01 8.408196853250282174e+02 2.074520222216257935e+03
2.443681368853125035e-01 5.069466416338914314e+02 2.074520222216257935e+03
4.549338130639513644e-01 9.437693949711178902e+02 2.074520222216257935e+03
1.976493366855998080e-01 4.100275458619065034e+02 2.074520222216257935e+03
1.794398869145175768e+00 3.722516740763651796e+03 2.074520222216257935e+03
1.967670033632088922e+00 4.081971275418713049e+03 2.074520222216257935e+03
1.261299942769952054e+00 2.616592237556474174e+03 2.074520222216257935e+03
2.071268249717795329e-01 4.296887869674040417e+02 2.074520222216257935e+03
6.348474339168254099e-01 1.317003839682553689e+03 2.074520222216257935e+03
3.429720648276944228e+00 7.115024841403174833e+03 2.074520222216257935e+03
4.573087320699417702e-01 9.486962124751707961e+02 2.074520222216257935e+03
5.851732609693723886e-01 1.213953763381194676e+03 2.074520222216257935e+03
1.075085938810465658e+00 2.230287520682661579e+03 2.074520222216257935e+03
1.185027490692381891e+00 2.458363493323534385e+03 2.074520222216257935e+03
2.118144182914261930e-01 4.394132941025368950e+02 2.074520222216257935e+03
3.389065627250829493e+00 7.030685178149872627e+03 2.074520222216257935e+03
4.442312050977179627e-01 9.215666183147138781e+02 2.074520222216257935e+03
4.618014102952018307e-01 9.580163643053833766e+02 2.074520222216257935e+03
3.511700844299713853e-01 7.285094415873662683e+02 2.074520222216257935e+03
6.898244407514643184e-01 1.431054752117933504e+03 2.074520222216257935e+03
3.001975143978214966e+00 6.227658142773369036e+03 2.074520222216257935e+03
4.363580401093518635e-01 9.052335783335033739e+02 2.074520222216257935e+03
2.141431452093805365e+00 4.442442851858524591e+03 2.074520222216257935e+03
1.153254553204025257e+00 2.392449891984725582e+03 2.074520222216257935e+03
5.118403641213048472e-01 1.061823185916179682e+03 2.074520222216257935e+03
3.023496488344429856e-01 6.272304606870361567e+02 2.074520222216257935e+03
5.377070285272887995e-01 1.115484104307674897e+03 2.074520222216257935e+03
6.908154380721616139e-01 1.433110596099882287e+03 2.074520222216257935e+03
1.031435628716960817e+00 2.139734069687675401e+03 2.074520222216257935e+03
3.835044879307678567e-01 7.955878155230687980e+02 2.074520222216257935e+03
1.468070770227749566e+00 3.045542500482064042e+03 2.074520222216257935e+03
1.675938133722914669e+00 3.476767549591561419e+03 2.074520222216257935e+03
7.629604642718558205e-01 1.582776911883469666e+03 2.074520222216257935e+03
1.432724621427163614e+00 2.972216200017783649e+03 2.074520222216257935e+03
8.216678479395556067e-01 1.704566566495521329e+03 2.074520222216257935e+03
4.442705534386519606e-01 9.216482472436921398e+02 2.074520222216257935e+03
5.232684892412260425e+00 1.085531062579473837e+04 2.074520222216257935e+03
6.733426689867122450e-01 1.396862983294002561e+03 2.074520222216257935e+03
9.238919733403120338e-01 1.916632581837761109e+03 2.074520222216257935e+03
2.868850214608828497e-01 5.951487784715466205e+02 2.074520222216257935e+03
2.863595319591705213e-01 5.940586398736820684e+02 2.074520222216257935e+03
1.622387288098134706e+00 3.365675237426174590e+03 2.074520222216257935e+03
4.876136590669374882e-01 1.011564396363225796e+03 2.074520222216257935e+03
2.459161495676717157e-01 5.101580252476928763e+02 2.074520222216257935e+03
2.760445103027480140e+00 5.726599188548349048e+03 2.074520222216257935e+03
2.383389971708295363e+00 4.944390693736293542e+03 2.074520222216257935e+03
5.980838836747264242e-01 1.240737111264855912e+03 2.074520222216257935e+03
5.039621706736792106e-01 1.045479714294548785e+03 2.074520222216257935e+03
1.225928888717009668e+00 2.543214270642541123e+03 2.074520222216257935e+03
5.335936702289841849e-01 1.106950859336620852e+03 2.074520222216257935e+03
1.596579185209341167e+00 3.312135806086334469e+03 2.074520222216257935e+03
3.796907042069752047e-01 7.876760440649017028e+02 2.074520222216257935e+03
1.204111027542705603e+00 2.497952676430940301e+03 2.074520222216257935e+03
1.668726500735888241e+00 3.461806871124773352e+03 2.074520222216257935e+03
1.940830519170392565e-01 4.026292159913458022e+02 2.074520222216257935e+03
6.767160652348743755e-01 1.403861162028363196e+03 2.074520222216257935e+03
1.012808817611210666e+00 2.101092373373394366e+03 2.074520222216257935e+03
1.301094855225492841e+00 2.699147588186819576e+03 2.074520222216257935e+03
4.128383960074749615e-01 8.564416010248304474e+02 2.074520222216257935e+03
4.665657909014893634e-01 9.679001682194618752e+02 2.074520222216257935e+03
2.112946471834411533e+00 4.383350184280981921e+03 2.074520222216257935e+03
6.450676659690026682e-01 1.338205917750538219e+03 2.074520222216257935e+03
4.329445604503279199e-01 8.981522457527344159e+02 2.074520222216257935e+03
7.240935992947642452e-01 1.502146814514344442e+03 2.074520222216257935e+03
1.250937236917606832e+00 2.595094594708905333e+03 2.074520222216257935e+03
1.175646386434187507e+00 2.438902202833191495e+03 2.074520222216257935e+03
1.139848073197748279e+00 2.364637878102966170e+03 2.074520222216257935e+03
1.330656177849351307e+00 2.760473149765472499e+03 2.074520222216257935e+03
8.898813256089583845e-01 1.846076805348394601e+03 2.074520222216257935e+03
1.020504870133267294e+00 2.117057989961639123e+03 2.074520222216257935e+03
5.681985069111453734e-01 1.178739292820255287e+03 2.074520222216257935e+03
2.129451291366401655e+00 4.417589766164124740e+03 2.074520222216257935e+03
7.520523456314185395e-01 1.560147799177548450e+03 2.074520222216257935e+03
6.807011899146777623e-01 1.412128383764668570e+03 2.074520222216257935e+03
2.095018305636041633e-01 4.346157840955209508e+02 2.074520222216257935e+03
5.195107727905624584e-01 1.077735603813217494e+03 2.074520222216257935e+03
4.904443781138417835e-01 1.017436780269441442e+03 2.074520222216257935e+03
1.967708528355885667e-01 4.082051133501677782e+02 2.074520222216257935e+03
1.495917682375253355e+00 3.103311482858340241e+03 2.074520222216257935e+03
6.005836615233307585e-01 1.245922950962833966e+03 2.074520222216257935e+03
1.809796804965126293e+00 3.754460070002527573e+03 2.074520222216257935e+03
2.198344098075345698e+00 4.560509286847065596e+03 2.074520222216257935e+03
6.576384729365114534e-01 1.364284311014212335e+03 2.074520222216257935e+03
1.381164656593422579e+00 2.865254010313428807e+03 2.074520222216257935e+03
1.276678243399044455e+00 2.648494833194847615e+03 2.074520222216257935e+03
1.167551589583104787e+00 2.422109383070887816e+03 2.074520222216257935e+03
8.624616708371145579e-01 1.789194177038016051e+03 2.074520222216257935e+03
1.995412000756970672e+00 4.139522547223338734e+03 2.074520222216257935e+03
7.438179201069721191e-01 1.543065316908750674e+03 2.074520222216257935e+03
3.632708369046346308e-01 7.536126973000885982e+02 2.074520222216257935e+03
7.855877335967506037e-01 1.629717639671497409e+03 2.074520222216257935e+03
4.146431826263949905e-01 8.601856673625653684e+02 2.074520222216257935e+03
9.422624158510533032e-01 1.954742436317355214e+03 2.074520222216257935e+03
1.418018008481135128e+00 2.941707034060939804e+03 2.074520222216257935e+03
1.579680880099172846e+00 3.277079930414110095e+03 2.074520222216257935e+03
1.868618064003734869e+00 3.876485961374341969e+03 2.074520222216257935e+03
2.804789414693736882e-01 5.818592359840258723e+02 2.074520222216257935e+03
5.690976889819537865e-01 1.180604664209601651e+03 2.074520222216257935e+03
4.493076740060679142e-01 9.320978557225380428e+02 2.074520222216257935e+03
2.355424542175514446e+00 4.886375844647575832e+03 2.074520222216257935e+03
9.394667716092389709e-01 1.948942815803588928e+03 2.074520222216257935e+03
6.305159276113877498e-01 1.308018042259266167e+03 2.074520222216257935e+03
8.660409751324713579e-01 1.796619516180199298e+03 2.074520222216257935e+03
5.356574126435529326e-01 1.111232134709089223e+03 2.074520222216257935e+03
1.579646200955136637e+00 3.277007987828517798e+03 2.074520222216257935e+03
8.828073786765019415e-01 1.831401759386129015e+03 2.074520222216257935e+03
8.295941192524364238e-01 1.721009776620865296e+03 2.074520222216257935e+03
1.825116227264686586e+00 3.786240521355635792e+03 2.074520222216257935e+03
1.070519145628682667e+00 2.220813615876373206e+03 2.074520222216257935e+03
1.123290292972283000e+00 2.330288428190226114e+03 2.074520222216257935e+03
5.624048065538088670e-01 1.166720144267499109e+03 2.074520222216257935e+03
2.220409075441702740e+00 4.606283528596317410e+03 2.074520222216257935e+03
1.824377811579092512e+00 3.784708663083469219e+03 2.074520222216257935e+03
1.031944030499069020e+00 2.140788759465669500e+03 2.074520222216257935e+03
5.398231267032627123e-01 1.119873992765927824e+03 2.074520222216257935e+03
3.850748567107838971e-01 7.988455773135491427e+02 2.074520222216257935e+03
1.789638389104374561e+00 3.712641028651552915e+03 2.074520222216257935e+03
1.112005803554387828e+00 2.306878526695416895e+03 2.074520222216257935e+03
3.511575467135544248e-01 7.284834318411188860e+02 2.074520222216257935e+03
5.566854887857968226e-01 1.154855303900477338e+03 2.074520222216257935e+03
1.263137176774906667e+00 2.620403616652696201e+03 2.074520222216257935e+03
4.943960632294717161e-01 1.025634630953646820e+03 2.074520222216257935e+03
6.473685640453393786e-01 1.342979177339157332e+03 2.074520222216257935e+03
3.848389139755275523e-01 7.983561093379747717e+02 2.074520222216257935e+03
5.561452162989578563e-01 1.153734497701022974e+03 2.074520222216257935e+03
2.659247956206078900e-01 5.516663661036764097e+02 2.074520222216257935e+03
4.304050104931002596e-01 8.928838980111371484e+02 2.074520222216257935e+03
1.331338297112730995e+00 2.761888219971317085e+03 2.074520222216257935e+03
7.104108460127831481e-01 1.473761666135278801e+03 2.074520222216257935e+03
3.744807873521230346e-01 7.768679661934455680e+02 2.074520222216257935e+03
4.967269489769572388e+00 1.030470100572481169e+04 2.074520222216257935e+03
1.451702652530782789e+00 3.011586509320090499e+03 2.074520222216257935e+03
3.058089976130267118e+00 6.344069496839072599e+03 2.074520222216257935e+03
2.527565428803149494e+00 5.243485595026841111e+03 2.074520222216257935e+03
2.607974627045105964e-01 5.410296102831975986e+02 2.074520222216257935e+03
6.000489171906762120e-01 1.244813613031026534e+03 2.074520222216257935e+03
3.280028138641750135e-01 6.804484703050662802e+02 2.074520222216257935e+03
8.881563234138218910e-01 1.842498253411216410e+03 2.074520222216257935e+03
3.172261753050976130e-01 6.580921156867447053e+02 2.074520222216257935e+03
1.015526678972689556e+00 2.106730631728962180e+03 2.074520222216257935e+03
5.226758914915713428e-01 1.084301706564175220e+03 2.074520222216257935e+03
8.372778444005537501e-01 1.736949819822586278e+03 2.074520222216257935e+03
2.307116241314310034e+00 4.786159297610100111e+03 2.074520222216257935e+03
6.140910094698485144e-01 1.273944217426396335e+03 2.074520222216257935e+03
4.588052149742153918e-01 9.518006965222873532e+02 2.074520222216257935e+03
1.045022279930877263e+00 2.167919852383144189e+03 2.074520222216257935e+03
4.081661327683716589e-01 8.467488964517930299e+02 2.074520222216257935e+03
6.321075705935278455e-01 1.311319937812264243e+03 2.074520222216257935e+03
3.297841658109168517e-01 6.841439209414664901e+02 2.074520222216257935e+03
4.653161198891478945e-01 9.653077004332419619e+02 2.074520222216257935e+03
1.038366245297990931e+00 2.154111773937449470e+03 2.074520222216257935e+03
7.980225684344928183e-01 1.655513956002312852e+03 2.074520222216257935e+03
2.672436335806558372e+00 5.544023221216223646e+03 2.074520222216257935e+03
8.232003014665827401e-01 1.707745672326945851e+03 2.074520222216257935e+03
6.749701674888709535e-01 1.400239261848357501e+03 2.074520222216257935e+03
1.214630597960173919e+00 2.519775737991006281e+03 2.074520222216257935e+03
1.729436427690980382e+00 3.587750842282383928e+03 2.074520222216257935e+03
1.117484601236905961e+00 2.318244403281232735e+03 2.074520222216257935e+03
4.126584227093430535e-01 8.560682427783968933e+02 2.074520222216257935e+03
6.234137660505315592e-01 1.293284464479822873e+03 2.074520222216257935e+03
1.510197403450245002e+00 3.132935052996017930e+03 2.074520222216257935e+03
4.692146577586603584e+00 9.733952960806214833e+03 2.074520222216257935e+03
1.183225038969050402e+00 2.454624270773914759e+03 2.074520222216257935e+03
8.850584186715929613e-01 1.836071587376962952e+03 2.074520222216257935e+03
5.908049747500221383e-01 1.225636867504886595e+03 2.074520222216257935e+03
9.767669302171374524e-01 2.026322749127548150e+03 2.074520222216257935e+03
5.469154206259465578e-01 1.134587099930436807e+03 2.074520222216257935e+03
3.112137160863271412e-01 6.456191474521548344e+02 2.074520222216257935e+03
2.465914049626108273e+00 5.115588562196546263e+03 2.074520222216257935e+03
1.221700934554265761e+00 2.534443294233325560e+03 2.074520222216257935e+03
7.763360210719177923e-01 1.610524774948600452e+03 2.074520222216257935e+03
5.173484916489952123e-01 1.073249907858919414e+03 2.074520222216257935e+03
2.108103408104561316e-01 4.373303150635925363e+02 2.074520222216257935e+03
8.686500819266311790e-01 1.802032160986605504e+03 2.074520222216257935e+03
4.435487489620665302e-01 9.201508492605294123e+02 2.074520222216257935e+03
1.894292516147223271e+00 3.929748131540331997e+03 2.074520222216257935e+03
3.032014290045602634e-01 6.289974958748273366e+02 2.074520222216257935e+03
8.786541542005976702e-01 1.822785811223462133e+03 2.074520222216257935e+03
6.688635417162092089e-01 1.387570943193463563e+03 2.074520222216257935e+03
6.006143751873211922e-01 1.245986667079880363e+03 2.074520222216257935e+03
2.606482684153267559e+00 5.407201037132464990e+03 2.074520222216257935e+03
9.281605838989612778e-01 1.925487900762444951e+03 2.074520222216257935e+03
3.459744892611831268e-01 7.177310743432659592e+02 2.074520222216257935e+03
1.082298272602963740e+00 2.245249652984572549e+03 2.074520222216257935e+03
5.168626062332272397e+00 1.072241928738228853e+04 2.074520222216257935e+03
1.403353826637263824e+00 2.911285892283572593e+03 2.074520222216257935e+03
7.127116054030243619e-01 1.478534638016787994e+03 2.074520222216257935e+03
4.587332872860150346e-01 9.516514810785783993e+02 2.074520222216257935e+03
2.940524809647918625e-01 6.100178181543219580e+02 2.074520222216257935e+03
1.701329356573720641e+00 3.529442154862358166e+03 2.074520222216257935e+03
2.637597325196320952e+00 5.471748989183279264e+03 2.074520222216257935e+03
2.748866712218932529e-01 5.702579582675293750e+02 2.074520222216257935e+03
4.506035543126332144e-01 9.347861856240795078e+02 2.074520222216257935e+03
2.305976473954806760e+00 4.783794827174188868e+03 2.074520222216257935e+03
1.500721899284250593e+00 3.113277927987968269e+03 2.074520222216257935e+03
1.450865226275270814e+00 3.009849251618416019e+03 2.074520222216257935e+03
2.062961355872128255e+00 4.279655050407400267e+03 2.074520222216257935e+03
1.415873017307948789e+00 2.937257206495689388e+03 2.074520222216257935e+03
4.837506393762804890e-01 1.003550483896138303e+03 2.074520222216257935e+03
1.183417661451904301e+00 2.455023870009848906e+03 2.074520222216257935e+03
4.824251923054137525e-01 1.000800817144147913e+03 2.074520222216257935e+03
4.375111190348522361e-01 9.076256638822653713e+02 2.074520222216257935e+03
5.206953210016654898e-01 1.080192973031340898e+03 2.074520222216257935e+03
2.323471945952161610e-01 4.820089537629919505e+02 2.074520222216257935e+03
2.698110827627858033e+00 5.597285473694635584e+03 2.074520222216257935e+03
2.311477767314271681e+00 4.795207371496742780e+03 2.074520222216257935e+03
5.696742683401900820e-01 1.181800789747975386e+03 2.074520222216257935e+03
1.240125942006391924e+00 2.572666344787246544e+03 2.074520222216257935e+03
1.063242390328487996e+00 2.205717839853999976e+03 2.074520222216257935e+03
1.386853670922547410e+00 2.877055985583675920e+03 2.074520222216257935e+03
2.167584084511390952e+00 4.496697016672995233e+03 2.074520222216257935e+03
1.199363506189377482e+00 2.488103847378057708e+03 2.074520222216257935e+03
1.683148037776915462e+00 3.491724641351825085e+03 2.074520222216257935e+03
3.247293022981666000e-01 6.736575043637229783e+02 2.074520222216257935e+03
2.110415039285183703e+00 4.378098676266432449e+03 2.074520222216257935e+03
6.830919489908217068e-01 1.417088061814576122e+03 2.074520222216257935e+03
6.964868968692412565e-01 1.444876152063890231e+03 2.074520222216257935e+03
3.437597209390475528e-01 7.131364926714717285e+02 2.074520222216257935e+03
2.652945309841307497e-01 5.503588693699568921e+02 2.074520222216257935e+03
1.265122503619308558e+00 2.624522217339116651e+03 2.074520222216257935e+03
2.403208932218034721e-01 4.985505528097053229e+02 2.074520222216257935e+03
1.994315794387326035e-01 4.137248444941788534e+02 2.074520222216257935e+03
4.833261180403090607e-01 1.002669805799903315e+03 2.074520222216257935e+03
6.861981140578000682e-01 1.423531864059564441e+03 2.074520222216257935e+03
7.441673522279751429e-01 1.543790220910063226e+03 2.074520222216257935e+03
2.139955748133154645e-01 4.439381474150150666e+02 2.074520222216257935e+03
3.422059871368828610e+00 7.099132404789401335e+03 2.074520222216257935e+03
7.714147666428960992e-01 1.600315533116923461e+03 2.074520222216257935e+03
7.245459748168197045e-01 1.503085276682884114e+03 2.074520222216257935e+03
1.270657611204350834e+00 2.636004909956429401e+03 2.074520222216257935e+03
2.426500859310214697e-01 5.033825101864167664e+02 2.074520222216257935e+03
1.382767053341866115e+00 2.868578214772088359e+03 2.074520222216257935e+03
8.985874123365621413e-01 1.864137758321176989e+03 2.074520222216257935e+03
5.652756814324765289e-01 1.172675832258747732e+03 2.074520222216257935e+03
5.267422575832533260e-01 1.092737465252303991e+03 2.074520222216257935e+03
1.070869810047161419e+00 2.221541076303719365e+03 2.074520222216257935e+03
2.168668002849709064e-01 4.498945627185066769e+02 2.074520222216257935e+03
4.167969766816628230e-01 8.646537566847076732e+02 2.074520222216257935e+03
3.211347454170310201e-01 6.662005234239005631e+02 2.074520222216257935e+03
5.471317936294168849e-01 1.135035970101677776e+03 2.074520222216257935e+03
2.982558016520582278e+00 6.187376919205159538e+03 2.074520222216257935e+03
2.468397925435878437e-01 5.120741412793388463e+02 2.074520222216257935e+03
1.036711086984863694e+00 2.150678114545897643e+03 2.074520222216257935e+03
9.773201763438462697e-01 2.027470469405268432e+03 2.074520222216257935e+03
5.844896008248300356e-01 1.212535496586218414e+03 2.074520222216257935e+03
9.488098913778280075e-01 1.968325306702115313e+03 2.074520222216257935e+03
2.222487005664383286e+00 4.610594236863622427e+03 2.074520222216257935e+03
1.686037070875151311e+00 3.497717998936767344e+03 2.074520222216257935e+03
4.800546391470754681e-01 9.958830566793365051e+02 2.074520222216257935e+03
1.986686817438637065e-01 4.121421977986911429e+02 2.074520222216257935e+03
1.027083068197870874e+00 2.130704594872403050e+03 2.074520222216257935e+03
9.118578221515973858e-01 1.891667491839564718e+03 2.074520222216257935e+03
2.837487545304929193e-01 5.886425293021845846e+02 2.074520222216257935e+03
8.260703777422251370e-01 1.713699703600068915e+03 2.074520222216257935e+03
3.977254990190161599e-01 8.250895906060014795e+02 2.074520222216257935e+03
7.717308347480705821e-01 1.600971222792705703e+03 2.074520222216257935e+03
9.355828591891047763e-01 1.940885560946703663e+03 2.074520222216257935e+03
7.300814623358056199e-01 1.514568757480845989e+03 2.074520222216257935e+03
5.423595321681156101e-01 1.125135817194504853e+03 2.074520222216257935e+03
1.323474299795447839e+00 2.745574198509159032e+03 2.074520222216257935e+03
3.530119242618023345e-01 7.323303755645830506e+02 2.074520222216257935e+03
4.220262674149387827e+00 8.755020260587367375e+03 2.074520222216257935e+03
1.196681907449852922e+00 2.482540816565044224e+03 2.074520222216257935e+03
5.710481848918453895e-01 1.184651007418021891e+03 2.074520222216257935e+03
5.717801870288642396e-01 1.186169560653972894e+03 2.074520222216257935e+03
2.561010403734245711e-01 5.312867871852915869e+02 2.074520222216257935e+03
1.014213618755229529e+00 2.104006661754853667e+03 2.074520222216257935e+03
9.816835933189277386e-01 2.036522466158036650e+03 2.074520222216257935e+03
3.949692453850401352e-01 8.193716867047611458e+02 2.074520222216257935e+03
