2.479099346047073382e-01 5.142941726257754453e+02 2.074520222216257935e+03
4.309250827733163702e-01 8.939627984734596566e+02 2.074520222216257935e+03
2.949227896525610237e+00 6.118232911266695737e+03 2.074520222216257935e+03
2.836177453099250734e+00 5.883707480248198408e+03 2.074520222216257935e+03
7.069855456703287855e-01 1.466655811307692829e+03 2.074520222216257935e+03
6.050644057048618629e-01 1.255218345377998048e+03 2.074520222216257935e+03
3.704988600127518961e+00 7.686073774045243226e+03 2.074520222216257935e+03
1.131040847096170143e+00 2.346367109453611647e+03 2.074520222216257935e+03
5.705433531084197485e-01 1.183603723674487810e+03 2.074520222216257935e+03
2.442222615242827521e-01 5.066440202475121168e+02 2.074520222216257935e+03
8.482821649323317725e-01 1.759778505297509355e+03 2.074520222216257935e+03
2.821851943241987293e+00 5.853988920355746814e+03 2.074520222216257935e+03
6.107803105482768613e-01 1.267076105563926376e+03 2.074520222216257935e+03
1.855266935584938714e+00 3.848788775480143158e+03 2.074520222216257935e+03
4.503284580551172311e-01 9.342154928748066141e+02 2.074520222216257935e+03
1.547718736261447070e+00 3.210773816677362902e+03 2.074520222216257935e+03
5.249190676242091458e-01 1.088955220813325241e+03 2.074520222216257935e+03
5.831062054940614470e-01 1.209665614997219336e+03 2.074520222216257935e+03
1.687015517952180188e+00 3.499747807184432531e+03 2.074520222216257935e+03
1.023144994314039824e+00 2.122534980963813723e+03 2.074520222216257935e+03
1.225453969614550331e+00 2.542229041360572410e+03 2.074520222216257935e+03
2.203325387725562301e+00 4.570843072959156416e+03 2.074520222216257935e+03
3.558832250984373946e-01 7.382869472142489258e+02 2.074520222216257935e+03
8.492348199777632889e-01 1.761754807454053207e+03 2.074520222216257935e+03
5.247508233844676573e-01 1.088606194735710233e+03 2.074520222216257935e+03
8.925935064942417396e-01 1.851703279441223231e+03 2.074520222216257935e+03
2.128008410948260654e+00 4.414596481558452069e+03 2.074520222216257935e+03
5.553493830931847119e-01 1.152083525622135312e+03 2.074520222216257935e+03
7.922906648032168597e-01 1.643623006007436061e+03 2.074520222216257935e+03
4.252096885774697133e-01 8.821060976362383599e+02 2.074520222216257935e+03
4.234674781025680734e-01 8.784918467746978195e+02 2.074520222216257935e+03
5.971276782847035891e-01 1.238753443846661412e+03 2.074520222216257935e+03
4.146620267646763391e-01 8.602247599085002321e+02 2.074520222216257935e+03
2.458447462236080516e-01 5.100098975664989212e+02 2.074520222216257935e+03
9.533086467439184641e-01 1.977658065683873929e+03 2.074520222216257935e+03
4.289621146296220822e-01 8.898905813637994697e+02 2.074520222216257935e+03
7.354201782302093315e-01 1.525644031564453826e+03 2.074520222216257935e+03
5.391399269975321040e-01 1.118456681160577318e+03 2.074520222216257935e+03
2.254838504780887487e-01 4.677708075999821631e+02 2.074520222216257935e+03
9.779685716728934164e-01 2.028815578627367131e+03 2.074520222216257935e+03
5.648395190273973743e-01 1.171771004529240599e+03 2.074520222216257935e+03
4.083556131136260037e-01 8.471419772597356541e+02 2.074520222216257935e+03
3.701301284544634140e-01 7.678424363302855227e+02 2.074520222216257935e+03
1.104668967796688772e+00 2.291658112548991085e+03 2.074520222216257935e+03
5.289747279641494604e-01 1.097368770202971973e+03 2.074520222216257935e+03
5.281658099761684655e-01 1.095690653478790864e+03 2.074520222216257935e+03
8.637771684277143480e-01 1.791923203391992047e+03 2.074520222216257935e+03
2.597660271981296898e-01 5.388898764672985635e+02 2.074520222216257935e+03
9.203183721177955467e-01 1.909219073835513882e+03 2.074520222216257935e+03
4.850795323646627244e-01 1.006307299273698618e+03 2.074520222216257935e+03
1.253036788438584681e+00 2.599450156796759074e+03 2.074520222216257935e+03
4.613591487647167311e-01 9.570988838168836992e+02 2.074520222216257935e+03
6.179603458870919219e-01 1.281971234070525497e+03 2.074520222216257935e+03
9.383181128296398388e-01 1.946559899936884221e+03 2.074520222216257935e+03
1.688522244706655462e+00 3.502873542305945648e+03 2.074520222216257935e+03
9.101438560412971057e-01 1.888111834483553594e+03 2.074520222216257935e+03
3.847125687247545112e-01 7.980940035602651506e+02 2.074520222216257935e+03
1.183288004456891418e+00 2.454754893951742815e+03 2.074520222216257935e+03
2.134804529694372399e-01 4.428695167329843230e+02 2.074520222216257935e+03
8.756331389313327662e-01 1.816518653955747823e+03 2.074520222216257935e+03
7.788796709338864366e-01 1.615801628025491937e+03 2.074520222216257935e+03
9.070964564453828372e-01 1.881789942396655761e+03 2.074520222216257935e+03
2.243085933867478232e+00 4.653327129976923061e+03 2.074520222216257935e+03
2.281674981638694977e+00 4.733380889934382139e+03 2.074520222216257935e+03
2.078383740132736079e+00 4.311649098430821141e+03 2.074520222216257935e+03
5.334537516050076533e+00 1.106660595321716937e+04 2.074520222216257935e+03
5.395750144961288797e-01 1.119359278974849985e+03 2.074520222216257935e+03
1.660718356899881343e+00 3.445193814794560694e+03 2.074520222216257935e+03
1.463069297984435302e+00 3.035166845172455396e+03 2.074520222216257935e+03
8.021344979022733135e-01 1.664044236835550464e+03 2.074520222216257935e+03
1.812770375209165286e+00 3.760628801605967055e+03 2.074520222216257935e+03
7.570326933446591688e-01 1.570479631222334547e+03 2.074520222216257935e+03
1.784805333244831704e+00 3.702614756535830566e+03 2.074520222216257935e+03
1.710481504045886281e+00 3.548428469870071240e+03 2.074520222216257935e+03
2.657221845160419593e-01 5.512460452700088354e+02 2.074520222216257935e+03
7.963196016927850396e-01 1.651981117058878453e+03 2.074520222216257935e+03
2.741638615052303107e-01 5.687584748934978052e+02 2.074520222216257935e+03
7.262802904596159514e-01 1.506683149555570935e+03 2.074520222216257935e+03
8.687646181526265110e-01 1.802269768703609316e+03 2.074520222216257935e+03
7.886455016228153259e-01 1.636061041276415153e+03 2.074520222216257935e+03
2.451414352492869320e+00 5.085508647277631098e+03 2.074520222216257935e+03
2.423998635030363558e-01 5.028634186995095661e+02 2.074520222216257935e+03
4.602430131375053191e-01 9.547834378874977119e+02 2.074520222216257935e+03
9.685076920809829737e-01 2.009188792593995913e+03 2.074520222216257935e+03
7.341941265077509549e-01 1.523100562472730871e+03 2.074520222216257935e+03
1.354134593703989031e+00 2.809179598241521489e+03 2.074520222216257935e+03
1.712090347342700269e+00 3.551766047823688950e+03 2.074520222216257935e+03
1.077815272715093808e+00 2.235949579060993074e+03 2.074520222216257935e+03
5.799946664935433649e-01 1.203210664418430042e+03 2.074520222216257935e+03
1.079213356725375439e+00 2.238849932612679368e+03 2.074520222216257935e+03
2.623856599599929673e+00 5.443243576065640809e+03 2.074520222216257935e+03
1.390963075990351294e+00 2.885581029498113367e+03 2.074520222216257935e+03
5.596221154828311395e-01 1.160947395368575144e+03 2.074520222216257935e+03
3.198783554117014538e-01 6.635941169508540725e+02 2.074520222216257935e+03
1.535205736032416501e+00 3.184815344661642484e+03 2.074520222216257935e+03
1.298862806887491894e+00 2.694517158772672246e+03 2.074520222216257935e+03
7.186376400312357582e-01 1.490828316690566453e+03 2.074520222216257935e+03
2.634719475904791164e+00 5.465778832631510340e+03 2.074520222216257935e+03
6.905530116757595538e-01 1.432566187233702976e+03 2.074520222216257935e+03
1.960005284449352625e-01 4.066070598240910954e+02 2.074520222216257935e+03
1.701116766741077591e+00 3.529001132955502271e+03 2.074520222216257935e+03
4.521948069945625481e-01 9.380872714913978143e+02 2.074520222216257935e+03
1.020482822900379283e+00 2.117012252531168997e+03 2.074520222216257935e+03
4.386813682977088180e-01 9.100533696430950386e+02 2.074520222216257935e+03
5.601845478651804600e-01 1.162114172719388080e+03 2.074520222216257935e+03
9.965245158154406591e-01 2.067310259993396812e+03 2.074520222216257935e+03
6.843088265932085745e-01 1.419612499008689838e+03 2.074520222216257935e+03
2.585966735592464705e+00 5.364640286965131054e+03 2.074520222216257935e+03
2.331673039733638486e+00 4.837102872523885708e+03 2.074520222216257935e+03
2.358931946001302515e-01 4.893652024811651700e+02 2.074520222216257935e+03
1.614925686996191434e+00 3.350195995050082274e+03 2.074520222216257935e+03
2.933311264104979110e-01 6.085213535440514079e+02 2.074520222216257935e+03
4.420561843527275325e-01 9.170544937954914531e+02 2.074520222216257935e+03
2.560661250595092087e-01 5.312143546605091160e+02 2.074520222216257935e+03
1.406034162853780689e+00 2.916846303967075528e+03 2.074520222216257935e+03
2.762919675002145858e+00 5.731732738151123158e+03 2.074520222216257935e+03
5.354317361181843982e-01 1.110763964193532729e+03 2.074520222216257935e+03
1.194958501838245146e+00 2.478965576772683107e+03 2.074520222216257935e+03
1.967084346273326179e-01 4.080756255149063350e+02 2.074520222216257935e+03
2.060829784389718589e-01 4.275233062262041699e+02 2.074520222216257935e+03
6.307423168385315471e-01 1.308487691289067925e+03 2.074520222216257935e+03
3.243948411532758591e+00 6.729636579551015529e+03 2.074520222216257935e+03
2.991116479279038454e-01 6.205131623268662224e+02 2.074520222216257935e+03
2.936274612468489753e+00 6.091361061546088422e+03 2.074520222216257935e+03
3.787612951493774527e-01 7.857479661802041164e+02 2.074520222216257935e+03
4.392276461442747859e-01 9.111866340827448312e+02 2.074520222216257935e+03
3.318038429215527940e-01 6.883337819498279941e+02 2.074520222216257935e+03
6.078633783955813552e-01 1.261024870826326605e+03 2.074520222216257935e+03
7.806931443831094386e-01 1.619563715368357407e+03 2.074520222216257935e+03
4.045251867268872203e+00 8.391956802607353893e+03 2.074520222216257935e+03
7.157464025563458065e-01 1.484830386081677716e+03 2.074520222216257935e+03
2.144835945282556722e+00 4.449505541824987631e+03 2.074520222216257935e+03
2.396440474817629895e-01 4.971464226346704436e+02 2.074520222216257935e+03
2.502568744409135348e+00 5.191629467763101275e+03 2.074520222216257935e+03
2.732479587322466652e-01 5.668584160693592366e+02 2.074520222216257935e+03
4.959089488316538175e-01 1.028773142729273331e+03 2.074520222216257935e+03
8.520256334137912280e-01 1.767544406363526150e+03 2.074520222216257935e+03
2.035113778458886025e-01 4.221884687923896422e+02 2.074520222216257935e+03
3.801604878944754851e-01 7.886506198246883059e+02 2.074520222216257935e+03
8.925575941223169441e-01 1.851628778499437431e+03 2.074520222216257935e+03
8.891427850642512620e-01 1.844544688053473010e+03 2.074520222216257935e+03
1.815816858343910267e+00 3.766948792475635855e+03 2.074520222216257935e+03
1.822309351723218063e+00 3.780417601283615113e+03 2.074520222216257935e+03
4.678025651495339443e-01 9.704658814073466147e+02 2.074520222216257935e+03
2.757452909240385996e-01 5.720391822028232127e+02 2.074520222216257935e+03
2.913099998211866604e-01 6.043284855628662626e+02 2.074520222216257935e+03
1.233514817010553655e+00 2.558951432291780293e+03 2.074520222216257935e+03
1.006702642215882904e+00 2.088424989035387625e+03 2.074520222216257935e+03
2.171258278436747624e-01 4.504319206271491112e+02 2.074520222216257935e+03
6.119584918813730789e-01 1.269520266564872145e+03 2.074520222216257935e+03
4.040240357516242664e-01 8.381560324281689418e+02 2.074520222216257935e+03
1.175730484493170191e+00 2.439076665957200021e+03 2.074520222216257935e+03
7.641479084417940326e-01 1.585240288826759297e+03 2.074520222216257935e+03
3.036645200760184071e-01 6.299581876672950784e+02 2.074520222216257935e+03
5.520450979749653708e-01 1.145228719324421036e+03 2.074520222216257935e+03
1.012495950914188647e+00 2.100443325083564105e+03 2.074520222216257935e+03
1.991601680248170636e-01 4.131617960274707571e+02 2.074520222216257935e+03
2.168292172543744734e+00 4.498165959615222164e+03 2.074520222216257935e+03
1.102071860330647857e+00 2.286270360591420285e+03 2.074520222216257935e+03
7.845403746605584816e-01 1.627544872378447963e+03 2.074520222216257935e+03
1.376141648999869904e+00 2.854833679484257573e+03 2.074520222216257935e+03
3.751131443336344629e-01 7.781798035392506563e+02 2.074520222216257935e+03
1.328489907078134635e+00 2.755979177243787944e+03 2.074520222216257935e+03
7.145361800617385795e-01 1.482319755043233954e+03 2.074520222216257935e+03
6.084152885156001167e-01 1.262169819531151461e+03 2.074520222216257935e+03
2.836057063807149725e-01 5.883457730227196407e+02 2.074520222216257935e+03
5.205695291042583550e-01 1.079932015196378870e+03 2.074520222216257935e+03
7.127567879671803386e-01 1.478628370159821088e+03 2.074520222216257935e+03
3.746417259637377928e-01 7.772018365977756957e+02 2.074520222216257935e+03
2.823369842575231825e-01 5.857137833217850584e+02 2.074520222216257935e+03
1.402529690179750821e+00 2.909576204536595924e+03 2.074520222216257935e+03
6.775283818224825394e-01 1.405546329216198046e+03 2.074520222216257935e+03
9.640718233325028530e-01 1.999986493172176779e+03 2.074520222216257935e+03
4.934683673010585303e-01 1.023710106990085933e+03 2.074520222216257935e+03
1.846054504142246477e+00 3.829677400156497242e+03 2.074520222216257935e+03
3.978918242700353880e-01 8.254346357027060321e+02 2.074520222216257935e+03
1.016219553194201763e+00 2.108168013312941639e+03 2.074520222216257935e+03
3.345847325873121947e-01 6.941027937971981601e+02 2.074520222216257935e+03
1.097480696899267638e+00 2.276745899209522122e+03 2.074520222216257935e+03
1.084205553198786642e+00 2.249206345150047582e+03 2.074520222216257935e+03
6.353257963906946415e-01 1.317996212308145004e+03 2.074520222216257935e+03
5.823855854165874701e-01 1.208170674073964619e+03 2.074520222216257935e+03
3.592828814272023275e-01 7.453396030168572679e+02 2.074520222216257935e+03
1.402810869223569012e+00 2.910159516149060437e+03 2.074520222216257935e+03
3.551061105900104931e+00 7.366748074515396183e+03 2.074520222216257935e+03
1.040848609138033565e+00 2.159261487922516608e+03 2.074520222216257935e+03
3.790847958936501838e-01 7.864190750161000096e+02 2.074520222216257935e+03
7.219325515534317228e-01 1.497663677273775193e+03 2.074520222216257935e+03
6.835667999512883286e-01 1.418073149734603021e+03 2.074520222216257935e+03
1.270394526546545499e+00 2.635459135513657202e+03 2.074520222216257935e+03
6.460962340388873848e-01 1.340339703011439951e+03 2.074520222216257935e+03
5.895378610397842278e-01 1.223008214489150532e+03 2.074520222216257935e+03
3.952718287144043052e-01 8.199994019404326764e+02 2.074520222216257935e+03
2.921050781319560752e-01 6.059778915968029196e+02 2.074520222216257935e+03
5.041003258232422679e-01 1.045766319946120575e+03 2.074520222216257935e+03
9.464703553916311574e-01 1.963471891988147263e+03 2.074520222216257935e+03
3.577288195299224705e-01 7.421156701843743804e+02 2.074520222216257935e+03
2.109332712506154284e+00 4.375853367476289350e+03 2.074520222216257935e+03
4.022167411309083285e-01 8.344067631899910111e+02 2.074520222216257935e+03
1.070856092125308745e+00 2.221512618197429219e+03 2.074520222216257935e+03
1.181455798818936476e+00 2.450953946304546662e+03 2.074520222216257935e+03
4.389128083974547789e-01 9.105334968102497442e+02 2.074520222216257935e+03
1.272650812861775727e+00 2.640139847101712348e+03 2.074520222216257935e+03
2.788211462508446981e-01 5.784201062788940817e+02 2.074520222216257935e+03
1.344961172605457556e+00 2.790149150665712568e+03 2.074520222216257935e+03
1.506634066279982864e+00 3.125542837977734507e+03 2.074520222216257935e+03
4.200658613179663603e-01 8.714351239668113749e+02 2.074520222216257935e+03
3.900070586136478723e-01 8.090775299010939534e+02 2.074520222216257935e+03
2.967818308452522258e-01 6.156799096748404736e+02 2.074520222216257935e+03
4.032199989434734344e-01 8.364880418102537760e+02 2.074520222216257935e+03
1.725964371278298826e+00 3.580547991041600199e+03 2.074520222216257935e+03
5.640129903119964760e-01 1.170056353994899155e+03 2.074520222216257935e+03
5.410920035078010670e-01 1.122506303356443595e+03 2.074520222216257935e+03
4.841560344754444190e-01 1.004391484227341152e+03 2.074520222216257935e+03
5.437097768762629846e-01 1.127936927146497055e+03 2.074520222216257935e+03
8.671020781846673353e-01 1.798820795919835064e+03 2.074520222216257935e+03
2.088075958870288407e+00 4.331755802200016660e+03 2.074520222216257935e+03
1.918411783226281253e+00 3.979784038840872654e+03 2.074520222216257935e+03
2.575803534689182217e-01 5.343556521168825384e+02 2.074520222216257935e+03
6.994523520310403919e-01 1.451028048765118228e+03 2.074520222216257935e+03
3.923305385308852866e-01 8.138976359753163479e+02 2.074520222216257935e+03
1.087844773226368078e+00 2.256755980690360047e+03 2.074520222216257935e+03
3.973511837584667861e-01 8.243130660285077056e+02 2.074520222216257935e+03
6.223592026913782327e-01 1.291096751465651096e+03 2.074520222216257935e+03
5.374658310910859216e-01 1.114983735348725304e+03 2.074520222216257935e+03
1.412584226873619730e+00 2.930434544233042743e+03 2.074520222216257935e+03
1.246817529068766861e+00 2.586548177466863763e+03 2.074520222216257935e+03
2.155290479814252702e+00 4.471193685124848344e+03 2.074520222216257935e+03
4.317852688708935793e-01 8.957472719277528768e+02 2.074520222216257935e+03
5.976141331266634493e-01 1.239762604253502104e+03 2.074520222216257935e+03
2.108856017965835827e-01 4.374864455012578333e+02 2.074520222216257935e+03
7.923631212242422395e-01 1.643773318318082829e+03 2.074520222216257935e+03
1.124061819879169422e+00 2.331888976360545712e+03 2.074520222216257935e+03
3.358575564972507976e-01 6.967432927376861471e+02 2.074520222216257935e+03
6.175717057850881320e-01 1.281164992319754447e+03 2.074520222216257935e+03
4.185129437690305321e-01 8.682135651081094920e+02 2.074520222216257935e+03
7.367718610937494805e-01 1.528448124998890989e+03 2.074520222216257935e+03
4.870704237579243090e-01 1.010437443729256074e+03 2.074520222216257935e+03
3.446312654404172782e-01 7.149445293641246053e+02 2.074520222216257935e+03
8.135701691171003391e-01 1.687767768025325495e+03 2.074520222216257935e+03
2.004778614168481798e+00 4.158953776159200061e+03 2.074520222216257935e+03
8.307036076603526720e-01 1.723311432759401896e+03 2.074520222216257935e+03
8.784706757626905560e-01 1.822405181493683131e+03 2.074520222216257935e+03
2.127520305076353868e-01 4.413583896056598519e+02 2.074520222216257935e+03
1.146618527452601066e+00 2.378683322368248355e+03 2.074520222216257935e+03
9.813312075645949095e-01 2.035791434784652211e+03 2.074520222216257935e+03
1.103524592940001714e+00 2.289284083766997810e+03 2.074520222216257935e+03
2.017145404689668187e+00 4.184608933179313681e+03 2.074520222216257935e+03
6.434223968396589610e-01 1.334792773670726547e+03 2.074520222216257935e+03
2.735901111784763140e-01 5.675682182381433449e+02 2.074520222216257935e+03
7.091859736063937936e-01 1.471220643558589245e+03 2.074520222216257935e+03
4.898328743630653292e-01 1.016168203372494645e+03 2.074520222216257935e+03
5.154876331772381137e-01 1.069389519328576853e+03 2.074520222216257935e+03
1.009457960925511877e+00 2.094140953417163473e+03 2.074520222216257935e+03
1.066279001638059443e+00 2.212017351422716729e+03 2.074520222216257935e+03
4.994692098827591686e-01 1.036158976276160274e+03 2.074520222216257935e+03
4.463568478934122341e-01 9.259763072795899461e+02 2.074520222216257935e+03
8.228960855687127429e-01 1.707114570294894747e+03 2.074520222216257935e+03
7.478667301455070859e-01 1.551464655209603507e+03 2.074520222216257935e+03
7.515517377517973996e-01 1.559109278007873627e+03 2.074520222216257935e+03
6.036660592406871695e-01 1.252317447360403094e+03 2.074520222216257935e+03
2.281096952796863031e-01 4.732181757412977277e+02 2.074520222216257935e+03
3.061269412466710582e-01 6.350665301814274244e+02 2.074520222216257935e+03
1.523983006686969954e+00 3.161533565686053862e+03 2.074520222216257935e+03
1.804242127827264452e+00 3.742936779952150573e+03 2.074520222216257935e+03
1.825358627180671212e+00 3.786743384883209728e+03 2.074520222216257935e+03
3.590633492810751393e-01 7.448841791402898025e+02 2.074520222216257935e+03
4.282207740194413081e-01 8.883526552764293456e+02 2.074520222216257935e+03
2.489425472447366339e+00 5.164363484292322937e+03 2.074520222216257935e+03
1.787644537639295761e+00 3.708504743467151457e+03 2.074520222216257935e+03
9.550094203697715445e-01 1.981186354964118209e+03 2.074520222216257935e+03
2.200748199096851376e-01 4.565496643032429347e+02 2.074520222216257935e+03
2.312880969541172838e-01 4.798118342892307737e+02 2.074520222216257935e+03
4.963056538826866038e-01 1.029596115379896219e+03 2.074520222216257935e+03
1.441715926240111134e+00 2.990868843676353663e+03 2.074520222216257935e+03
5.361240154712109129e-01 1.112200111710808869e+03 2.074520222216257935e+03
3.355992692726511573e-01 6.962074706671140802e+02 2.074520222216257935e+03
1.345483232622393555e+00 2.791232174728057089e+03 2.074520222216257935e+03
4.096304897198604911e-01 8.497867345601995339e+02 2.074520222216257935e+03
4.885346321740401954e-01 1.013474973698027725e+03 2.074520222216257935e+03
1.271638071684916493e+00 2.638038895050446627e+03 2.074520222216257935e+03
4.071564945568958427e-01 8.446543815649641829e+02 2.074520222216257935e+03
1.726423235783750343e+00 3.581499914737416930e+03 2.074520222216257935e+03
2.558036519563615663e-01 5.306698489002415045e+02 2.074520222216257935e+03
2.923543364359414198e+00 6.064949829889757893e+03 2.074520222216257935e+03
1.044689181922003662e+00 2.167228833827755807e+03 2.074520222216257935e+03
1.243523030295282661e+00 2.579713673139204275e+03 2.074520222216257935e+03
5.347102328503217983e+00 1.109267191073956565e+04 2.074520222216257935e+03
2.134103158362987251e+00 4.427240158319602415e+03 2.074520222216257935e+03
2.006226674511965291e-01 4.161957806624746468e+02 2.074520222216257935e+03
1.452732862894024368e+00 3.013723701551772137e+03 2.074520222216257935e+03
2.440122306749514802e+00 5.062083070032851538e+03 2.074520222216257935e+03
1.252124549138036391e+00 2.597557697920271039e+03 2.074520222216257935e+03
1.217040815232934170e+00 2.524775782463282212e+03 2.074520222216257935e+03
1.653295720317571549e+00 3.429795405102396671e+03 2.074520222216257935e+03
7.762212302974779154e-01 1.610286639165700990e+03 2.074520222216257935e+03
9.739672829481169636e-01 2.020514824252892595e+03 2.074520222216257935e+03
1.942720543166156222e-01 4.030213052913143770e+02 2.074520222216257935e+03
1.175336569947472709e+00 2.438259482266325449e+03 2.074520222216257935e+03
8.058702166064907191e-01 1.671794060831961133e+03 2.074520222216257935e+03
2.042877033876974169e-01 4.237989718278950591e+02 2.074520222216257935e+03
2.133722792466043738e-01 4.426451081574551267e+02 2.074520222216257935e+03
5.250085341785409865e-01 1.089140820989498707e+03 2.074520222216257935e+03
7.658186597776057702e-01 1.588706296259195597e+03 2.074520222216257935e+03
5.551320443990659381e-01 1.151632652106115756e+03 2.074520222216257935e+03
5.123213833822798380e-01 1.062821070100347924e+03 2.074520222216257935e+03
1.308900961351391556e+00 2.715341513201762609e+03 2.074520222216257935e+03
1.335011385241958282e+00 2.769508115573381474e+03 2.074520222216257935e+03
1.002061343664376603e+00 2.078796521332944394e+03 2.074520222216257935e+03
9.038995424065076056e-01 1.875157879574322124e+03 2.074520222216257935e+03
3.861844435425996758e-01 8.011474376344557413e+02 2.074520222216257935e+03
6.770562270385118708e-01 1.404566834568834793e+03 2.074520222216257935e+03
1.938827754471525999e-01 4.022137384045318527e+02 2.074520222216257935e+03
1.258972089562343077e+00 2.611763059002938462e+03 2.074520222216257935e+03
3.403402285683040929e-01 7.060426865986502207e+02 2.074520222216257935e+03
2.402919622872238481e+00 4.984905350008722962e+03 2.074520222216257935e+03
2.229143966892737527e+00 4.624404237550352263e+03 2.074520222216257935e+03
1.391859241656920654e+00 2.887440143295867074e+03 2.074520222216257935e+03
3.383143841823272879e+00 7.018400314528780655e+03 2.074520222216257935e+03
2.403107818457072553e-01 4.985295765555192702e+02 2.074520222216257935e+03
4.525154434021847472e-01 9.387524382029887420e+02 2.074520222216257935e+03
6.740938143772392532e-01 1.398421249596475263e+03 2.074520222216257935e+03
6.428210897351740449e-01 1.333545349922710329e+03 2.074520222216257935e+03
5.379232187957526667e-01 1.115932595391449468e+03 2.074520222216257935e+03
8.814513642288891448e-01 1.828588679992938751e+03 2.074520222216257935e+03
7.358798334824816489e-01 1.526597595680540735e+03 2.074520222216257935e+03
5.103191433488797335e-01 1.058667382661328475e+03 2.074520222216257935e+03
1.167824560485804408e+00 2.422675666728614488e+03 2.074520222216257935e+03
7.773487723676406613e-01 1.612625747991653270e+03 2.074520222216257935e+03
1.514663775193425321e+00 3.142200631497180893e+03 2.074520222216257935e+03
1.210825779181945450e+00 2.511882564493703285e+03 2.074520222216257935e+03
4.892469197457449126e-01 1.014952628669562500e+03 2.074520222216257935e+03
5.855353516698499350e-01 1.214704927861611850e+03 2.074520222216257935e+03
2.546785824937457532e-01 5.283358695486469969e+02 2.074520222216257935e+03
8.317628645639900675e-01 1.725508882626519835e+03 2.074520222216257935e+03
2.272248143084482364e-01 4.713824722722099523e+02 2.074520222216257935e+03
1.282011160330691846e+00 2.659558077212949684e+03 2.074520222216257935e+03
1.010584802682817473e+00 2.096478609429931566e+03 2.074520222216257935e+03
8.143883546038614973e-01 1.689465110363135409e+03 2.074520222216257935e+03
1.259329875886851413e+00 2.612505293968363731e+03 2.074520222216257935e+03
1.823898313209902033e+00 3.783713934020063789e+03 2.074520222216257935e+03
4.501840062182415059e-01 9.339158246180716105e+02 2.074520222216257935e+03
2.238551467796070504e+00 4.643920288414834431e+03 2.074520222216257935e+03
1.272456234862767710e+00 2.639736191107971990e+03 2.074520222216257935e+03
1.721286280846491712e+00 3.570843197839460117e+03 2.074520222216257935e+03
1.731838244126589377e+00 3.592733459048105942e+03 2.074520222216257935e+03
4.202966393828070912e-01 8.719138777291674387e+02 2.074520222216257935e+03
3.014411177853891233e-01 6.253456946532626262e+02 2.074520222216257935e+03
1.952693902700931572e-01 4.050902988951468728e+02 2.074520222216257935e+03
2.339973640889128348e-01 4.854322637477500848e+02 2.074520222216257935e+03
7.279177083342087684e-01 1.510080006048631958e+03 2.074520222216257935e+03
3.436769004652504567e-01 7.129646799237660844e+02 2.074520222216257935e+03
3.115943347122861473e-01 6.464087484886589436e+02 2.074520222216257935e+03
4.081127525623240437e-01 8.466381581348811096e+02 2.074520222216257935e+03
2.732691395179486449e+00 5.669023560376203932e+03 2.074520222216257935e+03
2.885422461667414562e-01 5.985867246366067320e+02 2.074520222216257935e+03
1.121603221680532725e+00 2.326788564679169667e+03 2.074520222216257935e+03
1.392062189616097623e+00 2.887861162941237581e+03 2.074520222216257935e+03
3.477934673926293407e-01 7.215045812607203288e+02 2.074520222216257935e+03
2.640763426589183727e+00 5.478317130548360183e+03 2.074520222216257935e+03
1.576368844504029587e+00 3.270209045595285261e+03 2.074520222216257935e+03
2.046624963616799242e+00 4.245764874315663292e+03 2.074520222216257935e+03
9.193299864468317262e-01 1.907168647773750763e+03 2.074520222216257935e+03
3.718123358379878951e-01 7.713322095653685437e+02 2.074520222216257935e+03
4.170504411134521305e-01 8.651795737740670802e+02 2.074520222216257935e+03
3.889256434207281066e-01 8.068341122147700162e+02 2.074520222216257935e+03
3.415065804564034746e-01 7.084623071767324518e+02 2.074520222216257935e+03
6.018648094674448057e-01 1.248580718280549263e+03 2.074520222216257935e+03
6.059817913400316058e-01 1.257121480429728308e+03 2.074520222216257935e+03
1.202364697759418011e+00 2.494329879980851729e+03 2.074520222216257935e+03
2.732700714938791076e-01 5.669042894405347397e+02 2.074520222216257935e+03
1.588739188123180934e+00 3.295871573588978663e+03 2.074520222216257935e+03
3.579561445665095376e-01 7.425872605697903737e+02 2.074520222216257935e+03
3.560761634044795620e-01 7.386872016317735188e+02 2.074520222216257935e+03
2.086837212705883182e+00 4.329185998231765552e+03 2.074520222216257935e+03
1.022470745429874261e+00 2.121136238018805670e+03 2.074520222216257935e+03
2.760793861195316445e-01 5.727322694420188327e+02 2.074520222216257935e+03
1.243545802629630881e+00 2.579760914807316567e+03 2.074520222216257935e+03
3.989980809357938640e-01 8.277295875267835754e+02 2.074520222216257935e+03
8.273365386022731860e-01 1.716326379908817444e+03 2.074520222216257935e+03
8.935490441581852572e-01 1.853685561648163457e+03 2.074520222216257935e+03
1.131726527778261326e+00 2.347789567894592892e+03 2.074520222216257935e+03
2.900830255348986753e-01 6.017831025938223775e+02 2.074520222216257935e+03
2.364878909805521456e-01 4.905989121484292355e+02 2.074520222216257935e+03
1.512482742139691139e+00 3.137676034321887073e+03 2.074520222216257935e+03
8.019728412180130439e-01 1.663708876774996270e+03 2.074520222216257935e+03
2.456658813198113189e-01 5.096388387065278494e+02 2.074520222216257935e+03
7.947381885428969062e-01 1.648700443499756830e+03 2.074520222216257935e+03
1.516567883246561443e+00 3.146150742158696630e+03 2.074520222216257935e+03
3.262282905994032811e-01 6.767671859075040857e+02 2.074520222216257935e+03
1.600274341537527789e+00 3.319801482613408098e+03 2.074520222216257935e+03
1.479901935615549613e+00 3.070086492331440240e+03 2.074520222216257935e+03
2.392745363247017754e-01 4.963798642670124082e+02 2.074520222216257935e+03
3.642071657542482188e-01 7.555551304332565223e+02 2.074520222216257935e+03
3.739691960067820231e-01 7.758066596020247516e+02 2.074520222216257935e+03
6.300545631879850283e-01 1.307060932433106018e+03 2.074520222216257935e+03
1.847820255139296819e+00 3.833340486307276478e+03 2.074520222216257935e+03
8.207853291922423411e-01 1.702735763507735101e+03 2.074520222216257935e+03
2.060982915684681949e+00 4.275550736230097755e+03 2.074520222216257935e+03
2.520906806786576748e+00 5.229672149001366051e+03 2.074520222216257935e+03
9.299560236856476703e-01 1.929212576907697439e+03 2.074520222216257935e+03
7.545324268555608782e-01 1.565292777829770557e+03 2.074520222216257935e+03
1.436576025343175411e+00 2.980206015325472890e+03 2.074520222216257935e+03
2.120254263819925544e+00 4.398510346534680139e+03 2.074520222216257935e+03
6.681288912547056480e-01 1.386046895954814090e+03 2.074520222216257935e+03
2.633469650911297588e-01 5.463186045408276641e+02 2.074520222216257935e+03
4.861112995707648765e-01 1.008447721207377072e+03 2.074520222216257935e+03
7.252310180013327168e-01 1.504506412622247808e+03 2.074520222216257935e+03
2.942173251523687028e-01 6.103597907549649335e+02 2.074520222216257935e+03
5.762080539655102251e-01 1.195355260155327869e+03 2.074520222216257935e+03
1.375619525050714387e+00 2.853750522793231085e+03 2.074520222216257935e+03
1.409316841242656215e+00 2.923656286667830045e+03 2.074520222216257935e+03
4.478507095596831467e-01 9.290753535154626661e+02 2.074520222216257935e+03
1.145721664670951379e+00 2.376822762391162996e+03 2.074520222216257935e+03
1.149326142305934662e+00 2.384300324135462233e+03 2.074520222216257935e+03
5.697508889314989444e-01 1.181959740714083637e+03 2.074520222216257935e+03
1.576145600644055511e+00 3.269745921693283435e+03 2.074520222216257935e+03
4.075726605442524519e-01 8.455177263215340417e+02 2.074520222216257935e+03
6.760336017458928870e-01 1.402445377719546968e+03 2.074520222216257935e+03
4.370323629964950607e-01 9.066324747991852746e+02 2.074520222216257935e+03
6.894649610547375351e-01 1.430309004217597703e+03 2.074520222216257935e+03
6.755209747618934335e-01 1.401381922674786438e+03 2.074520222216257935e+03
4.836369321155792322e-01 1.003314595884400660e+03 2.074520222216257935e+03
7.671044830585478369e-01 1.591373762657706266e+03 2.074520222216257935e+03
2.318865343651474564e+00 4.810533048001436327e+03 2.074520222216257935e+03
9.933984663202010124e-01 2.060825207099873296e+03 2.074520222216257935e+03
2.503400072120574027e-01 5.193354073911768864e+02 2.074520222216257935e+03
1.114008370161717831e+00 2.311032891618658141e+03 2.074520222216257935e+03
1.122940124535416917e+00 2.329561996686765269e+03 2.074520222216257935e+03
2.118107723744163451e+00 4.394057305739714138e+03 2.074520222216257935e+03
2.649950588067379598e-01 5.497376082819644125e+02 2.074520222216257935e+03
9.450760496002847955e-01 1.960579376428046089e+03 2.074520222216257935e+03
2.560392095752058506e+00 5.311585179440310640e+03 2.074520222216257935e+03
1.889376296063850713e+00 3.919549333560510149e+03 2.074520222216257935e+03
3.593875409730374337e-01 7.455567213611401485e+02 2.074520222216257935e+03
2.358786430744032603e-01 4.893350150467804269e+02 2.074520222216257935e+03
1.149308083560526716e+00 2.384262860902925240e+03 2.074520222216257935e+03
2.527840730522117330e-01 5.244056714010050655e+02 2.074520222216257935e+03
1.019144442541169315e+00 2.114235755410970796e+03 2.074520222216257935e+03
6.740345891192988104e-01 1.398298385601211976e+03 2.074520222216257935e+03
8.081641683793137076e-01 1.676552910173471219e+03 2.074520222216257935e+03
7.212950547965433223e-01 1.496341177360013035e+03 2.074520222216257935e+03
1.576000825512227088e+00 3.269445582754631232e+03 2.074520222216257935e+03
1.950719172343426677e-01 4.046806370891400206e+02 2.074520222216257935e+03
9.152687578354163911e-01 1.898743546892326322e+03 2.074520222216257935e+03
7.349039690588342610e-01 1.524573145199542751e+03 2.074520222216257935e+03
2.180606248918007806e-01 4.523711760071546450e+02 2.074520222216257935e+03
2.162388055888139426e+00 4.485917750218844958e+03 2.074520222216257935e+03
8.203887606623344597e-01 1.701913074072946529e+03 2.074520222216257935e+03
1.378374968857106309e+00 2.859466746690771743e+03 2.074520222216257935e+03
1.536316723855858823e+00 3.187120111368009475e+03 2.074520222216257935e+03
4.688016365421348586e-01 9.725384752147349445e+02 2.074520222216257935e+03
5.723227036893447917e-01 1.187295022437029047e+03 2.074520222216257935e+03
1.318463080613903493e+00 2.735178322979087170e+03 2.074520222216257935e+03
9.591876588786834024e-01 1.989854195244098491e+03 2.074520222216257935e+03
1.392905968418945983e+00 2.889611599130823834e+03 2.074520222216257935e+03
2.166435966373528199e+00 4.494315222378505496e+03 2.074520222216257935e+03
2.519855893640087774e-01 5.227492008427182100e+02 2.074520222216257935e+03
5.363687254207163413e-01 1.112707767449635412e+03 2.074520222216257935e+03
9.026684607905165469e-01 1.872603975866749806e+03 2.074520222216257935e+03
2.302723507950557025e+00 4.777046483416190313e+03 2.074520222216257935e+03
3.061579857623952239e-01 6.351309326570860776e+02 2.074520222216257935e+03
2.719230226999123645e-01 5.641098094771386968e+02 2.074520222216257935e+03
2.510895029736127104e-01 5.208902515049887825e+02 2.074520222216257935e+03
2.487198818304374726e-01 5.159744245244805825e+02 2.074520222216257935e+03
3.308758002551756561e-01 6.864085386713492198e+02 2.074520222216257935e+03
1.353228975875814921e+00 2.807300875743374945e+03 2.074520222216257935e+03
7.760297252266790125e-01 1.609889358023671775e+03 2.074520222216257935e+03
1.206618867500718562e+00 2.503155241137920257e+03 2.074520222216257935e+03
2.298651193492821321e+00 4.768598384722394258e+03 2.074520222216257935e+03
2.757237997443349631e+00 5.719945983159287607e+03 2.074520222216257935e+03
2.406818083009190645e-01 4.992992784398334152e+02 2.074520222216257935e+03
9.236465588781059832e-01 1.916123464573090359e+03 2.074520222216257935e+03
2.017005759864296810e-01 4.184319237165153140e+02 2.074520222216257935e+03
1.186490826128070886e+00 2.461399212276757225e+03 2.074520222216257935e+03
2.385691138069575279e-01 4.949164509887452823e+02 2.074520222216257935e+03
9.295242018102635173e-01 1.928316753694817635e+03 2.074520222216257935e+03
7.205811199750179474e-01 1.494860105135414187e+03 2.074520222216257935e+03
3.832223421971226451e-01 7.950024984930097389e+02 2.074520222216257935e+03
2.204674448412988319e+00 4.573641726636218664e+03 2.074520222216257935e+03
7.734086586403843278e-01 1.604451902386628035e+03 2.074520222216257935e+03
8.685366644602151576e-01 1.801796874158972969e+03 2.074520222216257935e+03
1.010359840147369015e+00 2.096011920100902898e+03 2.074520222216257935e+03
1.933881245452648834e+00 4.011875751056282752e+03 2.074520222216257935e+03
5.951294976986608587e-01 1.234608177813275915e+03 2.074520222216257935e+03
4.383309575574530492e-01 9.093264354763525716e+02 2.074520222216257935e+03
1.031688494837106340e+00 2.140258645567430449e+03 2.074520222216257935e+03
2.427051105342626247e+00 5.034966598385599355e+03 2.074520222216257935e+03
1.567905459789541212e+00 3.252651582856683035e+03 2.074520222216257935e+03
2.125365192602466813e+00 4.409113071648369441e+03 2.074520222216257935e+03
9.975334710011292128e-01 2.069403357929417780e+03 2.074520222216257935e+03
1.638295525344710457e+00 3.398677197294009602e+03 2.074520222216257935e+03
2.526623582461447359e+00 5.241531715744759822e+03 2.074520222216257935e+03
1.856391716028153560e+00 3.851122155255145572e+03 2.074520222216257935e+03
7.760179206883236480e-01 1.609864869270139707e+03 2.074520222216257935e+03
7.406375613449550643e-01 1.536467598343043619e+03 2.074520222216257935e+03
5.488474122882489592e-01 1.138595055703036451e+03 2.074520222216257935e+03
2.061240875658866267e-01 4.276085879413065527e+02 2.074520222216257935e+03
3.149798496126333669e-01 6.534320676120436246e+02 2.074520222216257935e+03
8.687840224973112369e-01 1.802310023409056612e+03 2.074520222216257935e+03
6.095705813809679796e-01 1.264566497942939350e+03 2.074520222216257935e+03
6.069091192002590285e-01 1.259045240828394753e+03 2.074520222216257935e+03
3.853962843138115102e-01 7.995123853760084103e+02 2.074520222216257935e+03
7.001145745524522956e-01 1.452401842777394222e+03 2.074520222216257935e+03
5.280658432666571755e-01 1.095483270518361223e+03 2.074520222216257935e+03
1.517500251034985981e+00 3.148084957990326529e+03 2.074520222216257935e+03
3.194901899451714211e-01 6.627888598409714405e+02 2.074520222216257935e+03
3.363934774773512881e+00 6.978550716484145596e+03 2.074520222216257935e+03
2.973371888979817745e-01 6.168320111857985921e+02 2.074520222216257935e+03
2.013029640485206606e-01 4.176070697107284673e+02 2.074520222216257935e+03
8.807707694991727676e-01 1.827176772463008319e+03 2.074520222216257935e+03
3.551359542515040157e-01 7.367367187308128678e+02 2.074520222216257935e+03
2.513534960001744811e-01 5.214379103771152586e+02 2.074520222216257935e+03
2.076210638552253851e+00 4.307140955257180394e+03 2.074520222216257935e+03
2.549045081161612769e-01 5.288045568210648071e+02 2.074520222216257935e+03
1.434916425208743407e+00 2.976763141285800884e+03 2.074520222216257935e+03
7.831740943312451853e-01 1.624710496206071412e+03 2.074520222216257935e+03
1.410851076059380871e+00 2.926839087820753321e+03 2.074520222216257935e+03
3.083199831378248268e-01 6.396160399327932282e+02 2.074520222216257935e+03
7.292845446332801851e-01 1.512915535591514981e+03 2.074520222216257935e+03
