2.747567834610276649e-01 2.404638999060450715e+02 8.751882187474843704e+02
2.486166196006811824e-01 2.175863364593410836e+02 8.751882187474843704e+02
5.736856411128269384e-01 5.020829143665435481e+02 8.751882187474843704e+02
4.600660018251487293e-01 4.026443446436288127e+02 8.751882187474843704e+02
2.825328224698311352e-01 2.472693976350707317e+02 8.751882187474843704e+02
6.056403102685007367e-01 5.300492643455629604e+02 8.751882187474843704e+02
2.130356106046122022e+00 1.864462565748332281e+03 8.751882187474843704e+02
6.140016771660986583e-01 5.373670341469658069e+02 8.751882187474843704e+02
1.949891585362948154e+00 1.706522143344506958e+03 8.751882187474843704e+02
1.711224569257458361e+00 1.497643582645366223e+03 8.751882187474843704e+02
1.071440643964425066e+00 9.377122286848828026e+02 8.751882187474843704e+02
5.763445862001275177e-01 5.044099917812455374e+02 8.751882187474843704e+02
6.316679866644692165e-01 5.528283800886865720e+02 8.751882187474843704e+02
2.786280670996371667e-01 2.438520017379860292e+02 8.751882187474843704e+02
6.319043222895700529e-01 5.530352182434451151e+02 8.751882187474843704e+02
4.527456987810434819e-01 3.962377016617665504e+02 8.751882187474843704e+02
1.005236384409372130e+00 8.797710406913998895e+02 8.751882187474843704e+02
6.400266152730592628e-01 5.601437533718102486e+02 8.751882187474843704e+02
7.840903481187979640e-01 6.862266351071857571e+02 8.751882187474843704e+02
2.176059450208404911e-01 1.904461594116524168e+02 8.751882187474843704e+02
2.100631287591445129e-01 1.838447754832391468e+02 8.751882187474843704e+02
9.799799073943228356e-01 8.576668695607620521e+02 8.751882187474843704e+02
2.006819141965110909e+00 1.756344470204800245e+03 8.751882187474843704e+02
8.497041601542495437e-01 7.436510703877248716e+02 8.751882187474843704e+02
3.330573957823534381e-01 2.914879089554337952e+02 8.751882187474843704e+02
4.436623816328960079e-01 3.882880895065608797e+02 8.751882187474843704e+02
1.119708008395920329e+00 9.799552573853188733e+02 8.751882187474843704e+02
7.149499301974251431e-01 6.257157559031228402e+02 8.751882187474843704e+02
3.540603646902354407e-01 3.098694599023318688e+02 8.751882187474843704e+02
5.868273650607953584e-01 5.135843963398372125e+02 8.751882187474843704e+02
8.299968922732025023e-01 7.264035017145317852e+02 8.751882187474843704e+02
8.269189691246605634e-01 7.237097396367176998e+02 8.751882187474843704e+02
4.842305872010694290e-01 4.237929050755523690e+02 8.751882187474843704e+02
7.654321112255028092e-01 6.698971659955741416e+02 8.751882187474843704e+02
3.183499751743790740e-01 2.786161477111706972e+02 8.751882187474843704e+02
7.872322486364922156e-01 6.889763894247483904e+02 8.751882187474843704e+02
1.270863998717869814e+00 1.112245199308197698e+03 8.751882187474843704e+02
1.529422105246768693e+00 1.338532208003947062e+03 8.751882187474843704e+02
8.945024534809598027e-01 7.828580089272556961e+02 8.751882187474843704e+02
1.309924512536837504e+00 1.146430500820781617e+03 8.751882187474843704e+02
6.711678653335346745e-01 5.873982085418076622e+02 8.751882187474843704e+02
1.719098243250651858e+00 1.504534529362467538e+03 8.751882187474843704e+02
1.350003391927788954e+00 1.181507063884343552e+03 8.751882187474843704e+02
1.074657253009500657e+00 9.405273670254495073e+02 8.751882187474843704e+02
7.553049657784040027e-01 6.610340076107310097e+02 8.751882187474843704e+02
1.630294138038107965e+00 1.426814222704037093e+03 8.751882187474843704e+02
2.615952589677710827e-01 2.289450887287904379e+02 8.751882187474843704e+02
8.806900718448619214e-01 7.707695752464987891e+02 8.751882187474843704e+02
5.124418192085142820e-01 4.484830429648200720e+02 8.751882187474843704e+02
2.645117503475283627e+00 2.314975676244326223e+03 8.751882187474843704e+02
1.110944205316255706e+00 9.722852801785733163e+02 8.751882187474843704e+02
1.285249631471238496e+00 1.124835335613174038e+03 8.751882187474843704e+02
1.219564529597549685e+00 1.067348508306093208e+03 8.751882187474843704e+02
4.098366891909008825e-01 3.586842419903509267e+02 8.751882187474843704e+02
6.639722715642724093e-01 5.811007096480565224e+02 8.751882187474843704e+02
5.475394300174465378e-01 4.792000584509819419e+02 8.751882187474843704e+02
4.698233173845743904e-01 4.111838322678396480e+02 8.751882187474843704e+02
1.253310555258597025e+00 1.096882632394192115e+03 8.751882187474843704e+02
3.808508801034687918e-01 3.333162033661665760e+02 8.751882187474843704e+02
1.108831317450071019e+00 9.704361056105540229e+02 8.751882187474843704e+02
1.455888869352600423e+00 1.274176786262991300e+03 8.751882187474843704e+02
3.151625483535443473e-01 2.758265493094563681e+02 8.751882187474843704e+02
1.001638278235569723e+00 8.766220205582853851e+02 8.751882187474843704e+02
5.416431930993869104e-01 4.740397413653521426e+02 8.751882187474843704e+02
5.023139040762338858e-01 4.396192109605738665e+02 8.751882187474843704e+02
3.060187886281652947e+00 2.678240385227469233e+03 8.751882187474843704e+02
4.512994609732359219e-01 3.949719713708661857e+02 8.751882187474843704e+02
7.627949558342370651e-01 6.675891586661319934e+02 8.751882187474843704e+02
2.061512877839338787e-01 1.804211783481211171e+02 8.751882187474843704e+02
9.887530013093247527e-01 8.653449779971369935e+02 8.751882187474843704e+02
3.601959552617373661e-01 3.152392564855684896e+02 8.751882187474843704e+02
2.900490177831235084e+00 2.538474832230692755e+03 8.751882187474843704e+02
1.238059698958486443e+00 1.083535262634524543e+03 8.751882187474843704e+02
8.343750555512720046e-01 7.302352186352510444e+02 8.751882187474843704e+02
6.892232822162719375e-01 6.032000966821537986e+02 8.751882187474843704e+02
6.787299819662165890e-01 5.940164839275253144e+02 8.751882187474843704e+02
9.704436118214979645e-01 8.493208160249320144e+02 8.751882187474843704e+02
5.174558036541035966e-01 4.528712230805829790e+02 8.751882187474843704e+02
2.919010499650490642e-01 2.554683599694317309e+02 8.751882187474843704e+02
2.074414487516038186e+00 1.815503120273137029e+03 8.751882187474843704e+02
9.428779320075451054e-01 8.251956578099950548e+02 8.751882187474843704e+02
2.613289692211460680e-01 2.287120350797709989e+02 8.751882187474843704e+02
6.102034471801875970e-01 5.340428680112030406e+02 8.751882187474843704e+02
5.918928136090841896e-01 5.180176172319711441e+02 8.751882187474843704e+02
2.228289583266853224e+00 1.950172791232891541e+03 8.751882187474843704e+02
1.555707217772030582e+00 1.361536628814508276e+03 8.751882187474843704e+02
8.543905065692990464e-01 7.477525055591456749e+02 8.751882187474843704e+02
1.686275191893839009e+00 1.475808181511641351e+03 8.751882187474843704e+02
1.307080387606227578e+00 1.143941356188865711e+03 8.751882187474843704e+02
3.497339045101455768e-01 3.060829929238370823e+02 8.751882187474843704e+02
8.556212413242444415e-01 7.488296301170769311e+02 8.751882187474843704e+02
8.793296586494854239e-01 7.695789576452766596e+02 8.751882187474843704e+02
9.705530118614623669e-01 8.494165616510392738e+02 8.751882187474843704e+02
8.106853050095774726e-01 7.095022280560931449e+02 8.751882187474843704e+02
1.444116511377678158e+00 1.263873757256461431e+03 8.751882187474843704e+02
9.853518252074886519e-01 8.623683087429245688e+02 8.751882187474843704e+02
9.450214433249936041e-01 8.270716336617779234e+02 8.751882187474843704e+02
3.027144739993949396e-01 2.649321412886121152e+02 8.751882187474843704e+02
1.337997629160637247e+00 1.170999761753455232e+03 8.751882187474843704e+02
1.868009120779417609e+00 1.634859575018992928e+03 8.751882187474843704e+02
1.073028568700524987e+00 9.391019617061751887e+02 8.751882187474843704e+02
1.208390768369623780e+00 1.057569364120314958e+03 8.751882187474843704e+02
2.177733110181832021e+00 1.905926361607456784e+03 8.751882187474843704e+02
7.893668841807122138e-01 6.908445973043693584e+02 8.751882187474843704e+02
2.811581701641801545e-01 2.460663181322909168e+02 8.751882187474843704e+02
5.506361820096093984e-01 4.819102993109056001e+02 8.751882187474843704e+02
5.785839402279008281e-01 5.063698480439574610e+02 8.751882187474843704e+02
1.500576574231088811e+00 1.313286939095508842e+03 8.751882187474843704e+02
1.559250787594852028e+00 1.364637919375750698e+03 8.751882187474843704e+02
6.046429900553479397e-01 5.291764214446928918e+02 8.751882187474843704e+02
3.118000031843813358e-01 2.728836893923986509e+02 8.751882187474843704e+02
3.786893175215969576e-01 3.314244292604269617e+02 8.751882187474843704e+02
5.671540783599020585e-01 4.963665675951738194e+02 8.751882187474843704e+02
1.285947079425995954e+00 1.125445733846367148e+03 8.751882187474843704e+02
4.303367195691298885e-01 3.766256270613424704e+02 8.751882187474843704e+02
2.218810067735465519e-01 1.941876430920387122e+02 8.751882187474843704e+02
5.216708218606963543e-01 4.565601573567990954e+02 8.751882187474843704e+02
2.416844106467447850e-01 2.115193488529601211e+02 8.751882187474843704e+02
1.275355083789757815e+00 1.116175744052506843e+03 8.751882187474843704e+02
1.530658981414031450e+00 1.339614707453584970e+03 8.751882187474843704e+02
5.171160483561318966e-01 4.525738732465410408e+02 8.751882187474843704e+02
9.197898889605625738e-01 8.049892745413411603e+02 8.751882187474843704e+02
9.053161530909605847e-01 7.923220314270026847e+02 8.751882187474843704e+02
1.613064852625283763e+00 1.411735355093295539e+03 8.751882187474843704e+02
1.210658459690370004e+00 1.059554020847988113e+03 8.751882187474843704e+02
2.118699874717143938e+00 1.854261169414215601e+03 8.751882187474843704e+02
2.637193520030372440e+00 2.308040699287789721e+03 8.751882187474843704e+02
7.315225730543105653e-01 6.402199376849786177e+02 8.751882187474843704e+02
2.399895814782531389e-01 2.100360543319066267e+02 8.751882187474843704e+02
1.849846306440470878e+00 1.618963693890248805e+03 8.751882187474843704e+02
9.312841695611415727e-01 8.150489335059456835e+02 8.751882187474843704e+02
2.648851123108018513e+00 2.318243296160180307e+03 8.751882187474843704e+02
4.277339913850365938e-01 3.743477500180219977e+02 8.751882187474843704e+02
8.619592972516899598e-01 7.543766219945399598e+02 8.751882187474843704e+02
3.211091021398992496e+00 2.810309031254224465e+03 8.751882187474843704e+02
6.775113712826238421e-01 5.929499702140051340e+02 8.751882187474843704e+02
3.630541580792917000e-01 3.177407219182829294e+02 8.751882187474843704e+02
5.689706853080703786e-01 4.979564405943056045e+02 8.751882187474843704e+02
2.663858770454512026e+00 2.331377812308948251e+03 8.751882187474843704e+02
1.039083183392124132e+00 9.093933604034187965e+02 8.751882187474843704e+02
9.446330994127327685e-01 8.267317596449448729e+02 8.751882187474843704e+02
7.150552219964477763e-01 6.258079060451581199e+02 8.751882187474843704e+02
5.138391281209672146e-01 4.497059512629497249e+02 8.751882187474843704e+02
5.527245807713602188e-01 4.837380413032367983e+02 8.751882187474843704e+02
5.175764733845313881e-01 4.529768318070127862e+02 8.751882187474843704e+02
4.226409733955791559e-01 3.698904006757798584e+02 8.751882187474843704e+02
6.553607293631609210e-01 5.735639893683969603e+02 8.751882187474843704e+02
5.354892848756485080e-01 4.686539133886830655e+02 8.751882187474843704e+02
1.829883306806467047e+00 1.601492311799708432e+03 8.751882187474843704e+02
1.275643098545342857e+00 1.116427811173420196e+03 8.751882187474843704e+02
7.435108271856947226e-01 6.507119164641168254e+02 8.751882187474843704e+02
1.041281651583343404e+00 9.113174338636648599e+02 8.751882187474843704e+02
3.674833037642066813e-01 3.216170580408367528e+02 8.751882187474843704e+02
4.886781511378678333e-01 4.276853606351644999e+02 8.751882187474843704e+02
3.676716408927752089e-01 3.217818884769126839e+02 8.751882187474843704e+02
2.443527439970481774e-01 2.138546427648366546e+02 8.751882187474843704e+02
7.254102228743809500e-01 6.348704808186450919e+02 8.751882187474843704e+02
7.865925573929016812e-01 6.884165391847219553e+02 8.751882187474843704e+02
8.506423342922606601e-01 7.444721493404457533e+02 8.751882187474843704e+02
1.396574149786580898e+00 1.222265242500500108e+03 8.751882187474843704e+02
5.922519517919989651e-01 5.183319307385605725e+02 8.751882187474843704e+02
7.544191145450139802e-01 6.602587210477051940e+02 8.751882187474843704e+02
1.311530844503703719e+00 1.147836343633580327e+03 8.751882187474843704e+02
4.776209721999051250e-01 4.180082478960767389e+02 8.751882187474843704e+02
3.241412721768550109e-01 2.836846226190052676e+02 8.751882187474843704e+02
1.055149355962347935e+00 9.234542853572426111e+02 8.751882187474843704e+02
1.146890733827945263e+00 1.003745258436874565e+03 8.751882187474843704e+02
6.527235129399340252e-01 5.712559286245013936e+02 8.751882187474843704e+02
2.206224383750295115e-01 1.930861588571687264e+02 8.751882187474843704e+02
2.600383887207593503e+00 2.275825342304873175e+03 8.751882187474843704e+02
3.732971024130306015e-01 3.267052261244575107e+02 8.751882187474843704e+02
5.594344263616354285e-01 4.896104191134604662e+02 8.751882187474843704e+02
1.252276301618465704e+00 1.095977465793152533e+03 8.751882187474843704e+02
7.461667726431207015e-01 6.530363686380919717e+02 8.751882187474843704e+02
5.595023116157272769e-01 4.896698314880683256e+02 8.751882187474843704e+02
8.957942241572651731e-01 7.839885514044816546e+02 8.751882187474843704e+02
2.133512903565833729e-01 1.867225357746555403e+02 8.751882187474843704e+02
1.415415972382697340e+00 1.238755383656351341e+03 8.751882187474843704e+02
1.384286872734163065e+00 1.211511562383737783e+03 8.751882187474843704e+02
8.617876915222540957e-01 7.542264346818681133e+02 8.751882187474843704e+02
7.427016494218515730e-01 6.500037336183288517e+02 8.751882187474843704e+02
1.095259262899931141e+00 9.585580033640734428e+02 8.751882187474843704e+02
1.178635531927365143e+00 1.031527931740004533e+03 8.751882187474843704e+02
1.104859163870606453e+00 9.669597235947510399e+02 8.751882187474843704e+02
7.673247948460915069e-01 6.715536204021296953e+02 8.751882187474843704e+02
7.760866787703811776e-01 6.792219179867009871e+02 8.751882187474843704e+02
2.425775469744059776e-01 2.123010112446645792e+02 8.751882187474843704e+02
2.605080591617831565e-01 2.279935842671652608e+02 8.751882187474843704e+02
1.576141397127766020e+00 1.379420381846420923e+03 8.751882187474843704e+02
5.311427131994130857e-01 4.648498450657003218e+02 8.751882187474843704e+02
1.970848859855887536e+00 1.724863703077784749e+03 8.751882187474843704e+02
2.695821151803287741e+00 2.359350911908511080e+03 8.751882187474843704e+02
4.646560420098792554e-01 4.066614937368825053e+02 8.751882187474843704e+02
9.503078541602731910e-01 8.316982381442736596e+02 8.751882187474843704e+02
6.244375017804738581e-01 5.465003449023820394e+02 8.751882187474843704e+02
4.728688398788402081e-01 4.138492376747515777e+02 8.751882187474843704e+02
5.524212349494767027e-01 4.834725566137180977e+02 8.751882187474843704e+02
2.721478613665425650e-01 2.381806020253217184e+02 8.751882187474843704e+02
2.688877023417563517e-01 2.353273492555855455e+02 8.751882187474843704e+02
7.035879206254616047e-01 6.157718589844441794e+02 8.751882187474843704e+02
1.535332394327377337e+00 1.343704823376687727e+03 8.751882187474843704e+02
3.377321044741734557e-01 2.955791589285911414e+02 8.751882187474843704e+02
4.657742272770624692e-01 4.076401163090982323e+02 8.751882187474843704e+02
2.979674257545196769e-01 2.607775805908713664e+02 8.751882187474843704e+02
7.286482231975945911e-01 6.377043405538222487e+02 8.751882187474843704e+02
5.088735142687960122e-01 4.453601045206801814e+02 8.751882187474843704e+02
3.102900604003199225e-01 2.715622052568053277e+02 8.751882187474843704e+02
2.985358686244721782e-01 2.612750750936847908e+02 8.751882187474843704e+02
7.550971255399898663e-01 6.608521082826893007e+02 8.751882187474843704e+02
3.499705406415988818e-01 3.062900940782150201e+02 8.751882187474843704e+02
3.085679924644700312e-01 2.700550716874666932e+02 8.751882187474843704e+02
2.955285714818539078e-01 2.586431240641923068e+02 8.751882187474843704e+02
5.180095147578916981e-01 4.533558245152079280e+02 8.751882187474843704e+02
2.230198789741950072e-01 1.951843706247052808e+02 8.751882187474843704e+02
4.521065694660697520e-01 3.956783432150454018e+02 8.751882187474843704e+02
4.909770014843361507e-01 4.296972873750571580e+02 8.751882187474843704e+02
5.857051358159320875e-01 5.126022345259990516e+02 8.751882187474843704e+02
9.033708126476226452e-01 7.906194923895402553e+02 8.751882187474843704e+02
5.539807556715636849e-01 4.848374307765811864e+02 8.751882187474843704e+02
7.190400389978180984e-01 6.292953709386221135e+02 8.751882187474843704e+02
1.500130569618116860e+00 1.312896601112728831e+03 8.751882187474843704e+02
3.102189342718973952e-01 2.714999565071648249e+02 8.751882187474843704e+02
2.050948717487458772e+00 1.794966154800286404e+03 8.751882187474843704e+02
7.232811940639867210e-01 6.330071798864140646e+02 8.751882187474843704e+02
3.740127779589982882e-01 3.273315769307341156e+02 8.751882187474843704e+02
3.249352220621052334e-01 2.843794782048521483e+02 8.751882187474843704e+02
4.461535389224682846e-01 3.904683210174414398e+02 8.751882187474843704e+02
6.160963702127536523e-01 5.392002848232905308e+02 8.751882187474843704e+02
5.880951154960329941e-01 5.146939165850692461e+02 8.751882187474843704e+02
2.953397416574976009e-01 2.584778624265675262e+02 8.751882187474843704e+02
3.437948770776227958e-01 3.008852260840750432e+02 8.751882187474843704e+02
3.008406736862123676e-01 2.632922133302294014e+02 8.751882187474843704e+02
2.257591516531778086e-01 1.975817498012878843e+02 8.751882187474843704e+02
1.253577363107142073e+00 1.097116139479908043e+03 8.751882187474843704e+02
2.678979398045629456e-01 2.344611207436762470e+02 8.751882187474843704e+02
2.104983864691744699e+00 1.842257079031763624e+03 8.751882187474843704e+02
1.414169974214097625e+00 1.237664900738612005e+03 8.751882187474843704e+02
1.025582390236277952e+00 8.975776252896755523e+02 8.751882187474843704e+02
6.636068663817848989e-01 5.807809113372742331e+02 8.751882187474843704e+02
1.566894757144740691e+00 1.371327831470277715e+03 8.751882187474843704e+02
3.034651291041028931e-01 2.655891057925952055e+02 8.751882187474843704e+02
7.690977535525156394e-01 6.731052929743178765e+02 8.751882187474843704e+02
3.941543465191605922e-01 3.449592404416828799e+02 8.751882187474843704e+02
2.671141019875601375e-01 2.337751151208266265e+02 8.751882187474843704e+02
3.318952987176827518e-01 2.904708552953929939e+02 8.751882187474843704e+02
2.545635264143915055e+00 2.227909992406895071e+03 8.751882187474843704e+02
7.904597553534816745e-01 6.918010652793858526e+02 8.751882187474843704e+02
6.467372480203747998e-01 5.660168200926018471e+02 8.751882187474843704e+02
6.672544937989653979e-01 5.839732718791708521e+02 8.751882187474843704e+02
3.565940899473628578e-01 3.120869463969127082e+02 8.751882187474843704e+02
3.345029444923156015e-01 2.927530361560183110e+02 8.751882187474843704e+02
4.688156991220328029e-01 4.103019766354684634e+02 8.751882187474843704e+02
3.566945799871411027e-01 3.121748940958281082e+02 8.751882187474843704e+02
5.359175790753939461e-01 4.690287514264580864e+02 8.751882187474843704e+02
2.533777087048815213e-01 2.217531855517442239e+02 8.751882187474843704e+02
2.160031540149355000e-01 1.890434156061699298e+02 8.751882187474843704e+02
2.182357223140995117e+00 1.909973330791473927e+03 8.751882187474843704e+02
1.916413698231338003e+00 1.677222690938363712e+03 8.751882187474843704e+02
1.897660354884395328e+00 1.660809985778992996e+03 8.751882187474843704e+02
3.938523288610753514e-01 3.446949181454729683e+02 8.751882187474843704e+02
1.793301229116064377e+00 1.569476108387762679e+03 8.751882187474843704e+02
1.945444525200285879e+00 1.702630128682083750e+03 8.751882187474843704e+02
1.581687621437170677e+00 1.384274372020542842e+03 8.751882187474843704e+02
3.896009238297535315e-01 3.409741385489363097e+02 8.751882187474843704e+02
2.973219374423552441e-01 2.602126568247258547e+02 8.751882187474843704e+02
2.244536676822483645e-01 1.964392056101667379e+02 8.751882187474843704e+02
6.948072502891038393e-01 6.080871197533583654e+02 8.751882187474843704e+02
1.524360132956386726e+00 1.334102029491778467e+03 8.751882187474843704e+02
6.207157442119179969e-01 5.432431065253476845e+02 8.751882187474843704e+02
3.011130850600506892e-01 2.635306245552654900e+02 8.751882187474843704e+02
7.314216217143679755e-01 6.401315862615940659e+02 8.751882187474843704e+02
3.239133152423915307e-01 2.834851173955810282e+02 8.751882187474843704e+02
7.811774491811631638e-01 6.836773002745657095e+02 8.751882187474843704e+02
2.411481975629664820e+00 2.110500614792990746e+03 8.751882187474843704e+02
1.519260505224120372e+00 1.329638895380501026e+03 8.751882187474843704e+02
6.333578978881326815e-01 5.543073704823659682e+02 8.751882187474843704e+02
2.628121499742693823e-01 2.300100974011775179e+02 8.751882187474843704e+02
1.391229187871286355e+00 1.217587394802580320e+03 8.751882187474843704e+02
2.085805148953391308e-01 1.825472092966849971e+02 8.751882187474843704e+02
4.511558431594139829e-01 3.948462787522069561e+02 8.751882187474843704e+02
6.740693959837590343e-01 5.899375939832187896e+02 8.751882187474843704e+02
7.188183525053165601e-01 6.291013535321293375e+02 8.751882187474843704e+02
3.206608494897941197e-01 2.806385976870280956e+02 8.751882187474843704e+02
7.225732108517693986e-01 6.323875613200104908e+02 8.751882187474843704e+02
8.718265244112859413e-01 7.630123029563235377e+02 8.751882187474843704e+02
4.884990630598227135e-01 4.275286248591413027e+02 8.751882187474843704e+02
3.878418388940923833e+00 3.394346081374695132e+03 8.751882187474843704e+02
3.756450645511204556e-01 3.287601349257789138e+02 8.751882187474843704e+02
1.285475842288263948e+00 1.125033312655187956e+03 8.751882187474843704e+02
3.145388643020899377e-01 2.752807083754028099e+02 8.751882187474843704e+02
2.916607943186718455e+00 2.552580910582348224e+03 8.751882187474843704e+02
2.550998989812462425e-01 2.232604261920601232e+02 8.751882187474843704e+02
7.136232862896128015e-01 6.245546927845323353e+02 8.751882187474843704e+02
3.105688061453015236e-01 2.718061602488392055e+02 8.751882187474843704e+02
5.282642511523338857e-01 4.623306489939848234e+02 8.751882187474843704e+02
3.375953485441491875e-01 2.954594717497900547e+02 8.751882187474843704e+02
4.494351298657888738e-01 3.933403307497840729e+02 8.751882187474843704e+02
1.086788141791585449e+00 9.511441779704661030e+02 8.751882187474843704e+02
7.494938029491804432e-01 6.559481463653712581e+02 8.751882187474843704e+02
7.211473425291935468e-01 6.311396581626069064e+02 8.751882187474843704e+02
8.658991412432417434e-01 7.578247270396491331e+02 8.751882187474843704e+02
3.328584222198359144e-01 2.913137696376762733e+02 8.751882187474843704e+02
5.901629151202811840e-01 5.165036304549416855e+02 8.751882187474843704e+02
2.661810375275593943e-01 2.329585080981020155e+02 8.751882187474843704e+02
1.113579208226196382e+00 9.745914036817188162e+02 8.751882187474843704e+02
7.781209457141947672e-01 6.810022844497141250e+02 8.751882187474843704e+02
3.711136726942826369e-01 3.247943141581461646e+02 8.751882187474843704e+02
9.673257815910666357e-01 8.465921277392037609e+02 8.751882187474843704e+02
7.662661300911071116e-01 6.706270894809641732e+02 8.751882187474843704e+02
5.345192686041966290e-01 4.678049665759149889e+02 8.751882187474843704e+02
3.326463092231041196e-01 2.911281308418933804e+02 8.751882187474843704e+02
1.631178157367819459e+00 1.427587906006545609e+03 8.751882187474843704e+02
2.531633249333298252e-01 2.215655594005915248e+02 8.751882187474843704e+02
5.769766005964297451e-01 5.049631233349680315e+02 8.751882187474843704e+02
5.882060462559008940e-01 5.147910018792023266e+02 8.751882187474843704e+02
5.864119862009534723e-01 5.132208616553868978e+02 8.751882187474843704e+02
2.137402403353302338e-01 1.870629402137368800e+02 8.751882187474843704e+02
7.485392222805481444e-01 6.551127086103401780e+02 8.751882187474843704e+02
1.165119990403365113e+00 1.019699289028207204e+03 8.751882187474843704e+02
3.510210909046039274e-01 3.072095232915991119e+02 8.751882187474843704e+02
1.885642351868793032e+00 1.650291971126866201e+03 8.751882187474843704e+02
1.223056226200025298e+00 1.070404400036020434e+03 8.751882187474843704e+02
5.622924540555792605e-01 4.921117312800541299e+02 8.751882187474843704e+02
1.033813583959914517e+00 9.047814690628304106e+02 8.751882187474843704e+02
3.790055338814382613e-01 3.317011780931352973e+02 8.751882187474843704e+02
6.222376041316944884e-01 5.445750203977199817e+02 8.751882187474843704e+02
1.021161499734952738e+00 8.937085140065429414e+02 8.751882187474843704e+02
5.742380624208721640e-01 5.025663869871298175e+02 8.751882187474843704e+02
5.769470960772309365e-01 5.049373013273654465e+02 8.751882187474843704e+02
1.795516526568257332e+00 1.571414910618943395e+03 8.751882187474843704e+02
2.442249153810485129e+00 2.137427686660949348e+03 8.751882187474843704e+02
1.505187820144447075e+00 1.317322647192627528e+03 8.751882187474843704e+02
7.686170223061370432e-01 6.726845626511035334e+02 8.751882187474843704e+02
1.687003447257009014e+00 1.476445542025727491e+03 8.751882187474843704e+02
4.654750763910260880e-01 4.073783029780113338e+02 8.751882187474843704e+02
6.601548976608013763e-01 5.777597889811845562e+02 8.751882187474843704e+02
9.289188138633902581e-01 8.129788020661264909e+02 8.751882187474843704e+02
1.807492828038050670e+00 1.581896428569474665e+03 8.751882187474843704e+02
1.086660650463988853e+00 9.510325990625611894e+02 8.751882187474843704e+02
3.204068753143475279e-01 2.804163224808111181e+02 8.751882187474843704e+02
8.738008733494712077e-01 7.647402298867199306e+02 8.751882187474843704e+02
3.669324766860788678e-01 3.211349806714922011e+02 8.751882187474843704e+02
5.577120714770211762e-01 4.881030344099438594e+02 8.751882187474843704e+02
1.973079461418889791e+00 1.726815899286443937e+03 8.751882187474843704e+02
7.966299376828300804e-01 6.972011361615554961e+02 8.751882187474843704e+02
5.249896409162917443e-01 4.594647486944107868e+02 8.751882187474843704e+02
2.842109074332453966e-01 2.487380378251082220e+02 8.751882187474843704e+02
1.971966104775128903e+00 1.725841502668560224e+03 8.751882187474843704e+02
5.682742207481652486e-01 4.973469030167014466e+02 8.751882187474843704e+02
9.699266360288100186e-01 8.488683649017938251e+02 8.751882187474843704e+02
8.981939299600258941e-01 7.860887456515177973e+02 8.751882187474843704e+02
9.547866661186671378e-01 8.356180416042453771e+02 8.751882187474843704e+02
3.372244669179875198e-01 2.951348805200234438e+02 8.751882187474843704e+02
2.252256577200217325e-01 1.971148421962164150e+02 8.751882187474843704e+02
2.229237337190152768e-01 1.951002254300834977e+02 8.751882187474843704e+02
4.860295747228976504e-01 4.253673577603301510e+02 8.751882187474843704e+02
3.809526543182132907e-01 3.334052749598832293e+02 8.751882187474843704e+02
5.716113907374675840e-01 5.002675548752965824e+02 8.751882187474843704e+02
9.867572962162548533e-01 8.635983604115879189e+02 8.751882187474843704e+02
2.499962455003405803e-01 2.187937687930018740e+02 8.751882187474843704e+02
1.602240900445975891e+00 1.402262359665679014e+03 8.751882187474843704e+02
6.534909883629733685e-01 5.719276140729236886e+02 8.751882187474843704e+02
1.370713623744286958e+00 1.199632414777672011e+03 8.751882187474843704e+02
1.995582617372835932e+00 1.746510396261974847e+03 8.751882187474843704e+02
2.116809258199003452e+00 1.852606524111369708e+03 8.751882187474843704e+02
1.190936831920023531e+00 1.042293884568857493e+03 8.751882187474843704e+02
6.834772434267061270e-01 5.981712312290596856e+02 8.751882187474843704e+02
1.151261672035283068e+00 1.007570652060809834e+03 8.751882187474843704e+02
3.368630546304801077e-01 2.948185767438864104e+02 8.751882187474843704e+02
2.068781935032846797e-01 1.810573576698371028e+02 8.751882187474843704e+02
3.234707015841274957e-01 2.830977471364116127e+02 8.751882187474843704e+02
4.911612361205905386e-01 4.298585273581921911e+02 8.751882187474843704e+02
8.596304066122062437e-01 7.523384043441125186e+02 8.751882187474843704e+02
1.083243144400104940e+00 9.480416380179518683e+02 8.751882187474843704e+02
9.470648572085820227e-01 8.288600054187195383e+02 8.751882187474843704e+02
2.939292214268443559e-01 2.572433917383948483e+02 8.751882187474843704e+02
6.749331012532701068e-01 5.906934986595649661e+02 8.751882187474843704e+02
9.053511113595128501e-01 7.923526264917874187e+02 8.751882187474843704e+02
3.472937766618792166e-01 3.039474217787967518e+02 8.751882187474843704e+02
4.302675652158340358e-01 3.765651039860628657e+02 8.751882187474843704e+02
1.866908553955449079e+00 1.633896371900711301e+03 8.751882187474843704e+02
5.502605263912976330e-01 4.815815299394528779e+02 8.751882187474843704e+02
4.295785123661265970e-01 3.759620530499045117e+02 8.751882187474843704e+02
2.675149335485953461e+00 2.341259181807467940e+03 8.751882187474843704e+02
1.353468149492712325e+00 1.184539378885980796e+03 8.751882187474843704e+02
5.981888212198788191e-01 5.235278089180831103e+02 8.751882187474843704e+02
2.074455219456142974e+00 1.815538768387243636e+03 8.751882187474843704e+02
4.594187785773342081e-01 4.020779024822420524e+02 8.751882187474843704e+02
1.660393644948517933e+00 1.453156956542136413e+03 8.751882187474843704e+02
3.684339334867498206e+00 3.224490379743976973e+03 8.751882187474843704e+02
7.842121431551420940e-01 6.863332286880960282e+02 8.751882187474843704e+02
8.334505506249137996e-01 7.294261028155283384e+02 8.751882187474843704e+02
7.897490901082512282e-01 6.911790994292869073e+02 8.751882187474843704e+02
4.059838640769289353e-01 3.553122948417082512e+02 8.751882187474843704e+02
4.240501169779349322e-01 3.711236665375812436e+02 8.751882187474843704e+02
3.519423241118320167e-01 3.080157757412840738e+02 8.751882187474843704e+02
2.004103858556977868e-01 1.753968086155441881e+02 8.751882187474843704e+02
3.431929902675223687e+00 3.003584618388556464e+03 8.751882187474843704e+02
1.153640462439009973e+00 1.009652541397021309e+03 8.751882187474843704e+02
5.244512192279736640e-01 4.589935283760767106e+02 8.751882187474843704e+02
2.555590241163456788e-01 2.236622471012299513e+02 8.751882187474843704e+02
4.443123326274792673e-01 3.888569189597833429e+02 8.751882187474843704e+02
4.057632884330754641e-01 3.551192496368650495e+02 8.751882187474843704e+02
2.020934008731359588e-01 1.768697635307811709e+02 8.751882187474843704e+02
5.114920992702907121e-01 4.476518592637772258e+02 8.751882187474843704e+02
9.188123852225565935e-01 8.041337747860567333e+02 8.751882187474843704e+02
2.804767786341675340e-01 2.454699722928695564e+02 8.751882187474843704e+02
5.631806210920103917e-01 4.928890446066185405e+02 8.751882187474843704e+02
2.481421100819658498e+00 2.171710513188778805e+03 8.751882187474843704e+02
1.219024160493590747e+00 1.066875583632533107e+03 8.751882187474843704e+02
5.387445036221659711e-01 4.715028424850810893e+02 8.751882187474843704e+02
3.340392026384155777e-01 2.923471747489448944e+02 8.751882187474843704e+02
1.434657109343474346e+00 1.255595000039730166e+03 8.751882187474843704e+02
6.012280931633641190e-01 5.261877439165912165e+02 8.751882187474843704e+02
1.759227896492622012e+00 1.539655529102261653e+03 8.751882187474843704e+02
3.959289518273181319e-01 3.465123541003090963e+02 8.751882187474843704e+02
3.430099471261101596e-01 3.001982646379691460e+02 8.751882187474843704e+02
7.441502982193627380e-01 6.512715739790133966e+02 8.751882187474843704e+02
4.244702502274090294e-01 3.714913622078250910e+02 8.751882187474843704e+02
1.922156348168897910e+00 1.682248590508107100e+03 8.751882187474843704e+02
3.219098370517133656e+00 2.817316968865819490e+03 8.751882187474843704e+02
7.858894784879014717e-01 6.878012128102159295e+02 8.751882187474843704e+02
5.657883207103214795e-01 4.951712725905966295e+02 8.751882187474843704e+02
1.097342835825624530e+00 9.603815218415414847e+02 8.751882187474843704e+02
1.317489917055065796e+00 1.153051653725194001e+03 8.751882187474843704e+02
4.835391310397519349e-01 4.231877507893869392e+02 8.751882187474843704e+02
2.967070889783143262e-01 2.596745486926822650e+02 8.751882187474843704e+02
8.784650432568685829e-01 7.688222564399105750e+02 8.751882187474843704e+02
5.161325651949981719e-01 4.517131403705803336e+02 8.751882187474843704e+02
5.867291871629682909e-01 5.134984722003175648e+02 8.751882187474843704e+02
6.018984665591339267e-01 5.267744468147307089e+02 8.751882187474843704e+02
4.068030153860097142e-01 3.560292064167873036e+02 8.751882187474843704e+02
1.046010961152295193e+00 9.154564698812213237e+02 8.751882187474843704e+02
2.316020610961543047e-01 2.026953953089893332e+02 8.751882187474843704e+02
1.080131339683289005e+00 9.453182231907516098e+02 8.751882187474843704e+02
2.048994913999090117e-01 1.793256209005518542e+02 8.751882187474843704e+02
2.692914805376008247e-01 2.356807311755757155e+02 8.751882187474843704e+02
5.170108306078248228e-01 4.524817879128195841e+02 8.751882187474843704e+02
3.315233255736467211e-01 2.901453087820422070e+02 8.751882187474843704e+02
1.944309680683263264e-01 1.701636926130675249e+02 8.751882187474843704e+02
2.404153161443432218e-01 2.104086522959810566e+02 8.751882187474843704e+02
5.305017486709777685e-01 4.642888804617786604e+02 8.751882187474843704e+02
1.858672547081438253e+00 1.626688315715053704e+03 8.751882187474843704e+02
3.234472858267415596e+00 2.830772539414143921e+03 8.751882187474843704e+02
3.454329639910548311e-01 3.023188604519951923e+02 8.751882187474843704e+02
2.606037514135222111e-01 2.280773329985127020e+02 8.751882187474843704e+02
6.759003050304379645e-01 5.915399840104703344e+02 8.751882187474843704e+02
7.636388422768669582e-01 6.683277181386823713e+02 8.751882187474843704e+02
5.201036562482537207e-01 4.551885924759631052e+02 8.751882187474843704e+02
4.418330883415249599e-01 3.866871135693191377e+02 8.751882187474843704e+02
1.098215576924010950e+00 9.611453345688660193e+02 8.751882187474843704e+02
9.308221843593248446e-01 8.146446095000800369e+02 8.751882187474843704e+02
8.937435881191023723e-01 7.821938589029425657e+02 8.751882187474843704e+02
8.564718727214950533e-01 7.495740926944473586e+02 8.751882187474843704e+02
9.136820395170119902e-01 7.996437566664623091e+02 8.751882187474843704e+02
1.868542544720428245e+00 1.635326421367763260e+03 8.751882187474843704e+02
2.785103978384735335e-01 2.437490189869068899e+02 8.751882187474843704e+02
3.455401960095754732e-01 3.024127086512769438e+02 8.751882187474843704e+02
4.025638197838772858e-01 3.523191123688348512e+02 8.751882187474843704e+02
2.311068312846936701e-01 2.022619760124264587e+02 8.751882187474843704e+02
9.862183673329963929e-01 8.631266962022173175e+02 8.751882187474843704e+02
7.913849676385101839e-01 6.926108001710832696e+02 8.751882187474843704e+02
1.096672974764585806e+00 9.597952673327226876e+02 8.751882187474843704e+02
1.008000636952467888e+00 8.821902819507599816e+02 8.751882187474843704e+02
7.884559955197217862e-01 6.900473982796797827e+02 8.751882187474843704e+02
2.912182358111194969e-01 2.548707690663185303e+02 8.751882187474843704e+02
2.594639910400458049e-01 2.270798281474509395e+02 8.751882187474843704e+02
3.333775202524303927e-01 2.917680781201779610e+02 8.751882187474843704e+02
1.169379698635865994e+00 1.023427335488593712e+03 8.751882187474843704e+02
5.252341707123319159e-01 4.596787582910379228e+02 8.751882187474843704e+02
2.545757829630170388e+00 2.228017260276490560e+03 8.751882187474843704e+02
1.277125908158875056e+00 1.117725548677829238e+03 8.751882187474843704e+02
7.937561382296769441e-01 6.946860207371129263e+02 8.751882187474843704e+02
5.239181295059296417e-01 4.585269745318084347e+02 8.751882187474843704e+02
3.379231533503665119e+00 2.957463626542402835e+03 8.751882187474843704e+02
6.711252637015633349e-01 5.873609240954069719e+02 8.751882187474843704e+02
3.417286238300948908e-01 2.990768655848899016e+02 8.751882187474843704e+02
6.689617746370534190e-01 5.854674639547588413e+02 8.751882187474843704e+02
2.818921353665023721e-01 2.467086758303339593e+02 8.751882187474843704e+02
8.325779466888902913e-01 7.286624101310878814e+02 8.751882187474843704e+02
1.148753896329332891e+00 1.005375876307701105e+03 8.751882187474843704e+02
1.183556610822442456e+00 1.035834802012502905e+03 8.751882187474843704e+02
2.307054055725054287e+00 2.019106529584169948e+03 8.751882187474843704e+02
2.374161727755345896e-01 2.077838373532651133e+02 8.751882187474843704e+02
1.629931599076685611e+00 1.426496932876163328e+03 8.751882187474843704e+02
8.590634301008382989e-01 7.518421931810567003e+02 8.751882187474843704e+02
3.660801743568910527e-01 3.203890557141759814e+02 8.751882187474843704e+02
6.268444927376195519e-01 5.486069150307076825e+02 8.751882187474843704e+02
1.779267817900769044e+00 1.557194232223297377e+03 8.751882187474843704e+02
2.466980840067686809e-01 2.159072567103011409e+02 8.751882187474843704e+02
2.162434968134116176e+00 1.892537607918570302e+03 8.751882187474843704e+02
8.637132647685662468e-01 7.559116737013758893e+02 8.751882187474843704e+02
4.235003353232001944e-01 3.706425041104739080e+02 8.751882187474843704e+02
8.525929288484386248e-01 7.461792867155656950e+02 8.751882187474843704e+02
2.383537302771627342e+00 2.086043766330883955e+03 8.751882187474843704e+02
1.055762744067417547e+00 9.239911154003193587e+02 8.751882187474843704e+02
2.365257913190938588e+00 2.070045859923969601e+03 8.751882187474843704e+02
2.292030338451861216e+00 2.005957949224878121e+03 8.751882187474843704e+02
2.426097786874388818e-01 2.123292200601810293e+02 8.751882187474843704e+02
1.153955405992956651e+00 1.009928176285005975e+03 8.751882187474843704e+02
9.571599291463727122e-01 8.376950934460822964e+02 8.751882187474843704e+02
7.440174440120930210e-01 6.511553015419998474e+02 8.751882187474843704e+02
4.707649717028197234e-01 4.120079570333006700e+02 8.751882187474843704e+02
1.614977588901734151e+00 1.413409359348015869e+03 8.751882187474843704e+02
8.119683529369963182e-01 7.106251364862584978e+02 8.751882187474843704e+02
1.163204058946832653e+00 1.018022488389522323e+03 8.751882187474843704e+02
2.746941275531030735e-01 2.404090641935945314e+02 8.751882187474843704e+02
5.897224212480679517e-01 5.161181154075502491e+02 8.751882187474843704e+02
4.244410326738407013e-01 3.714657913491614636e+02 8.751882187474843704e+02
4.463051039775866036e-01 3.906009689680548149e+02 8.751882187474843704e+02
1.031868249123638170e+00 9.030789349326023512e+02 8.751882187474843704e+02
4.599886589632964373e-01 4.025766550821314809e+02 8.751882187474843704e+02
1.564253162575256928e+00 1.369015939024358204e+03 8.751882187474843704e+02
4.624777769606881472e-01 4.047551018285210489e+02 8.751882187474843704e+02
5.386212707026385438e-01 4.713949904857487923e+02 8.751882187474843704e+02
2.264930993996521480e-01 1.982240922221784842e+02 8.751882187474843704e+02
2.891631876173146320e-01 2.530722150981422374e+02 8.751882187474843704e+02
1.480797251554481608e+00 1.295976308914137235e+03 8.751882187474843704e+02
4.315232786417466104e-01 3.776640895825445909e+02 8.751882187474843704e+02
5.425046536523243645e-01 4.747936814921987434e+02 8.751882187474843704e+02
