1.180044193900266603e+00 1.032760776102885302e+03 8.751882187474843704e+02
1.322694894322052006e+00 1.157606988508108770e+03 8.751882187474843704e+02
2.746876984015279799e+00 2.404034374758794911e+03 8.751882187474843704e+02
1.449694558086650042e+00 1.268755598019776698e+03 8.751882187474843704e+02
3.228851495569926566e+00 2.825852789007994943e+03 8.751882187474843704e+02
3.744983330160040480e-01 3.277565289961788153e+02 8.751882187474843704e+02
9.195715660380918699e-01 8.047982008917123267e+02 8.751882187474843704e+02
6.240150955702148394e-01 5.461306599636375267e+02 8.751882187474843704e+02
2.089389109012357970e+00 1.828608732586918904e+03 8.751882187474843704e+02
3.148316888206800779e-01 2.755369849442332679e+02 8.751882187474843704e+02
1.512082323905281633e+00 1.323356635658220057e+03 8.751882187474843704e+02
1.795721391305058923e+00 1.571594205823028915e+03 8.751882187474843704e+02
1.118273800900290826e+00 9.787000558819045182e+02 8.751882187474843704e+02
4.085216619559765561e-01 3.575333456470130500e+02 8.751882187474843704e+02
8.686298529681345526e-01 7.602146137700709687e+02 8.751882187474843704e+02
1.309505308644166366e+00 1.146063618512662742e+03 8.751882187474843704e+02
5.863522908110440079e-01 5.131686169534245892e+02 8.751882187474843704e+02
1.235640225957757465e+00 1.081417768368708948e+03 8.751882187474843704e+02
1.220603237701447075e+00 1.068257573401341688e+03 8.751882187474843704e+02
2.009590290123352829e-01 1.758769746425297456e+02 8.751882187474843704e+02
5.064208689879254877e-01 4.432135782660956806e+02 8.751882187474843704e+02
4.344181642108179697e-01 3.801976593272179343e+02 8.751882187474843704e+02
5.696999495039547501e-01 4.985946840268979372e+02 8.751882187474843704e+02
5.621610685735971558e-01 4.919967442541089326e+02 8.751882187474843704e+02
4.573309013591865257e-01 4.002506169387279442e+02 8.751882187474843704e+02
1.929157520157319228e+00 1.688375933749798378e+03 8.751882187474843704e+02
7.719799896722453481e-01 6.756277920699537844e+02 8.751882187474843704e+02
1.017493921258952438e+00 8.904986925330157419e+02 8.751882187474843704e+02
2.340628803526926816e-01 2.048490753307786747e+02 8.751882187474843704e+02
1.020985370170074846e+00 8.935543674863888555e+02 8.751882187474843704e+02
6.418525578965365019e-01 5.617417968439863216e+02 8.751882187474843704e+02
4.462013085833578807e-01 3.905101284618655768e+02 8.751882187474843704e+02
2.201779596561239671e-01 1.926971563188986067e+02 8.751882187474843704e+02
4.662579329364233138e-01 4.080634498035123556e+02 8.751882187474843704e+02
5.974614800183255525e-01 5.228912484674740426e+02 8.751882187474843704e+02
8.379468502672012820e-01 7.333612112904169180e+02 8.751882187474843704e+02
2.051762682992916087e+00 1.795678527821129592e+03 8.751882187474843704e+02
7.056782215536908653e-01 6.176012657304673894e+02 8.751882187474843704e+02
1.120919727747071493e+00 9.810157398858747229e+02 8.751882187474843704e+02
5.771708182512688134e-01 5.051331003383560301e+02 8.751882187474843704e+02
2.243029740943156269e-01 1.963073203573672174e+02 8.751882187474843704e+02
1.569495268537627108e+00 1.373603768404050470e+03 8.751882187474843704e+02
3.333167016133837812e-01 2.917148503638040893e+02 8.751882187474843704e+02
2.966791875550503388e+00 2.596501296957553222e+03 8.751882187474843704e+02
7.354410772328976442e-01 6.436493663771907450e+02 8.751882187474843704e+02
1.352861263906348865e+00 1.184008239770667842e+03 8.751882187474843704e+02
9.400045945959923932e-01 8.226809467589177984e+02 8.751882187474843704e+02
7.052480746013337631e-01 6.172248061854343177e+02 8.751882187474843704e+02
7.414077401122937117e-01 6.488713194344761632e+02 8.751882187474843704e+02
9.294982747894177111e-01 8.134859394418102738e+02 8.751882187474843704e+02
1.008800043959891868e+00 8.828899135456417753e+02 8.751882187474843704e+02
2.867228640477904600e-01 2.509364726601628490e+02 8.751882187474843704e+02
3.713759575124587209e-01 3.250238627409701735e+02 8.751882187474843704e+02
1.624222299422700910e+00 1.421500221081696736e+03 8.751882187474843704e+02
2.518143218566938901e-01 2.203849278008656540e+02 8.751882187474843704e+02
7.705537628400328520e-01 6.743795751491398960e+02 8.751882187474843704e+02
5.904860829893473495e-01 5.167864631666261630e+02 8.751882187474843704e+02
9.927989626800127754e-01 8.688859557222706371e+02 8.751882187474843704e+02
6.209172610341873177e-01 5.434194716740771582e+02 8.751882187474843704e+02
3.353600325196653964e-01 2.935031494999843744e+02 8.751882187474843704e+02
2.619002991192637131e-01 2.292120562756217623e+02 8.751882187474843704e+02
1.693898324039126102e+00 1.482479856955151945e+03 8.751882187474843704e+02
4.291513576622754123e+00 3.755882122855114176e+03 8.751882187474843704e+02
4.117863570141616081e-01 3.603905682997397548e+02 8.751882187474843704e+02
4.425985555952171580e-01 3.873570414915875517e+02 8.751882187474843704e+02
8.106530635674286112e-01 7.094740107257690624e+02 8.751882187474843704e+02
3.045629936413446481e-01 2.665499439013698293e+02 8.751882187474843704e+02
1.181552699842113530e+00 1.034081002731100398e+03 8.751882187474843704e+02
6.709444152748438306e-01 5.872026476829630610e+02 8.751882187474843704e+02
7.754819011556622899e-01 6.786926237433368669e+02 8.751882187474843704e+02
2.844297268581379989e-01 2.489295460078072892e+02 8.751882187474843704e+02
6.918904745362892683e-01 6.055343919777667452e+02 8.751882187474843704e+02
1.129423064681635225e+00 9.884577601910451676e+02 8.751882187474843704e+02
7.839502026095780396e-01 6.861039814086060460e+02 8.751882187474843704e+02
5.362679532622156575e-01 4.693353947869177318e+02 8.751882187474843704e+02
1.807746088762048231e+00 1.582118079371388831e+03 8.751882187474843704e+02
2.133558659199883412e-01 1.867265402538417050e+02 8.751882187474843704e+02
4.460964591145294977e-01 3.904183654420050402e+02 8.751882187474843704e+02
5.853211238320302767e-01 5.122661517618303151e+02 8.751882187474843704e+02
6.099332650830754377e-01 5.338064078228940161e+02 8.751882187474843704e+02
9.310794575671120787e-01 8.148697719805347788e+02 8.751882187474843704e+02
6.958179377796889220e-01 6.089716615379538780e+02 8.751882187474843704e+02
5.274978520216390132e-01 4.616599055039422979e+02 8.751882187474843704e+02
3.301539011633346510e-01 2.889468046716718845e+02 8.751882187474843704e+02
1.276540742560050345e+00 1.117213418639721567e+03 8.751882187474843704e+02
7.179464349019497593e-01 6.283382615179441473e+02 8.751882187474843704e+02
5.344561298565257967e-01 4.677497082878070387e+02 8.751882187474843704e+02
5.124101345713375499e-01 4.484553129436476979e+02 8.751882187474843704e+02
1.611813142465932769e+00 1.410639873108544862e+03 8.751882187474843704e+02
1.127990321668162599e+00 9.872038403851611292e+02 8.751882187474843704e+02
5.368221461587029397e-01 4.698204178808369420e+02 8.751882187474843704e+02
5.745498878782433483e-01 5.028392929537266127e+02 8.751882187474843704e+02
2.274570678460352269e-01 1.990677460496972628e+02 8.751882187474843704e+02
3.657918068384592991e-01 3.201366798593750786e+02 8.751882187474843704e+02
6.591317840995742916e-01 5.768643720459579072e+02 8.751882187474843704e+02
9.478784259958660252e-01 8.295720312364911706e+02 8.751882187474843704e+02
4.521315548332920375e-01 3.957002101140794252e+02 8.751882187474843704e+02
2.611496619793567397e+00 2.285551074942208743e+03 8.751882187474843704e+02
2.827308787280306546e-01 2.474427341388961850e+02 8.751882187474843704e+02
3.641098760040053506e-01 3.186646738083128412e+02 8.751882187474843704e+02
1.285783553412475744e+00 1.125302617805875570e+03 8.751882187474843704e+02
5.189941719099459005e-01 4.542175848541912728e+02 8.751882187474843704e+02
1.220569694587442910e+00 1.068228216863145235e+03 8.751882187474843704e+02
2.986568426702968182e+00 2.613809501533647563e+03 8.751882187474843704e+02
1.172613180994734439e+00 1.026257241154603207e+03 8.751882187474843704e+02
1.419806189238097982e+00 1.242597649725944621e+03 8.751882187474843704e+02
1.816619282234350097e+00 1.589883793761014431e+03 8.751882187474843704e+02
5.144375369190906655e-01 4.502296715930621644e+02 8.751882187474843704e+02
5.139036186506729109e-01 4.497623926147689417e+02 8.751882187474843704e+02
2.318727156271290113e+00 2.029322689658490162e+03 8.751882187474843704e+02
5.954263818504783590e-01 5.211101545269796134e+02 8.751882187474843704e+02
4.692044316952759808e-01 4.106421908038142874e+02 8.751882187474843704e+02
4.773637970231663363e-01 4.177831712112406422e+02 8.751882187474843704e+02
8.198311650613131496e-01 7.175065770236855087e+02 8.751882187474843704e+02
2.022716016111622217e+00 1.770257227172738567e+03 8.751882187474843704e+02
3.967002583236614588e-01 3.471873924589521607e+02 8.751882187474843704e+02
9.166990170236026803e-01 8.022841798364567012e+02 8.751882187474843704e+02
2.949268730825088114e-01 2.581165247138462746e+02 8.751882187474843704e+02
3.100995669516694586e-01 2.713954876347978598e+02 8.751882187474843704e+02
3.389543948108178495e-01 2.966488930311112426e+02 8.751882187474843704e+02
8.774307535045785533e-01 7.679170582339351085e+02 8.751882187474843704e+02
4.866805450900563157e-01 4.259370793564211226e+02 8.751882187474843704e+02
1.068399767160875591e+00 9.350508891317538200e+02 8.751882187474843704e+02
1.181601143978102675e+00 1.034123400468185537e+03 8.751882187474843704e+02
1.603920174109148666e+00 1.403732040191740907e+03 8.751882187474843704e+02
3.479860019456300080e-01 3.045532491918545475e+02 8.751882187474843704e+02
8.352582179442700205e-01 7.310081519568437898e+02 8.751882187474843704e+02
1.491130890538719278e+00 1.305020188009931871e+03 8.751882187474843704e+02
6.687803083919494629e-01 5.853086468349434881e+02 8.751882187474843704e+02
1.765717347097891965e+00 1.545335019818137653e+03 8.751882187474843704e+02
1.497616252165586914e+00 1.310696100100083413e+03 8.751882187474843704e+02
4.810039561959378873e-01 4.209689956336158616e+02 8.751882187474843704e+02
1.409675544521900248e+00 1.233731428822012049e+03 8.751882187474843704e+02
9.543376739703373079e-01 8.352250889657169637e+02 8.751882187474843704e+02
6.993873417964423522e-01 6.120955618813663932e+02 8.751882187474843704e+02
8.896043171469364408e-01 7.785712177138995003e+02 8.751882187474843704e+02
1.163641494081572025e+00 1.018405326465912367e+03 8.751882187474843704e+02
1.109305969557748517e+00 9.708515155431971380e+02 8.751882187474843704e+02
3.387828564234426354e-01 2.964987646554175171e+02 8.751882187474843704e+02
1.568325991324051927e+00 1.372580430762279548e+03 8.751882187474843704e+02
4.706257873826825699e-01 4.118861445560822858e+02 8.751882187474843704e+02
1.696575705905148501e+00 1.484823070021382819e+03 8.751882187474843704e+02
1.033384461715929348e+00 9.044059063304921438e+02 8.751882187474843704e+02
5.118377099528982344e-01 4.479543336614685813e+02 8.751882187474843704e+02
4.778605014515077687e-01 4.182178810751247511e+02 8.751882187474843704e+02
1.459064075059682164e+00 1.276955688889928979e+03 8.751882187474843704e+02
3.042788209366572572e-01 2.663012392981378298e+02 8.751882187474843704e+02
6.368088810760097473e-01 5.573276303114915891e+02 8.751882187474843704e+02
6.918239263398417993e-01 6.054761497802569465e+02 8.751882187474843704e+02
1.166315658973223535e+00 1.020745724074073905e+03 8.751882187474843704e+02
4.297255939604907038e-01 3.760907771284865930e+02 8.751882187474843704e+02
1.009366936814696691e+00 8.833860514934590356e+02 8.751882187474843704e+02
2.716590900958801846e-01 2.377528351675757676e+02 8.751882187474843704e+02
1.229109423994827477e+00 1.075702087431779546e+03 8.751882187474843704e+02
4.808392441648843829e-01 4.208248416045518638e+02 8.751882187474843704e+02
5.238027983358413131e-01 4.584260380504927070e+02 8.751882187474843704e+02
6.964746632954048611e-01 6.095464199722592866e+02 8.751882187474843704e+02
2.450259553367200915e+00 2.144438293980447270e+03 8.751882187474843704e+02
8.968296371467405770e-01 7.848947326544085854e+02 8.751882187474843704e+02
9.074804800798632609e-01 7.942162249092075399e+02 8.751882187474843704e+02
3.352517737015879851e-01 2.934084026578275370e+02 8.751882187474843704e+02
9.683963204428556182e-01 8.475290507300009040e+02 8.751882187474843704e+02
8.927408361274939974e-01 7.813162621735613129e+02 8.751882187474843704e+02
2.822734806468407243e+00 2.470424247269610532e+03 8.751882187474843704e+02
4.440370369638010906e-01 3.886159834382599456e+02 8.751882187474843704e+02
1.774680479843074199e+00 1.553179447999790909e+03 8.751882187474843704e+02
4.058887401093988490e-01 3.552290434660054075e+02 8.751882187474843704e+02
2.074270131625585156e-01 1.815376781698505795e+02 8.751882187474843704e+02
5.414440389805398324e-01 4.738654440268221038e+02 8.751882187474843704e+02
3.042000122520731598e-01 2.662322668658548537e+02 8.751882187474843704e+02
4.965996969792356275e+00 4.346182042297977205e+03 8.751882187474843704e+02
1.957426474508168757e-01 1.713116589553972346e+02 8.751882187474843704e+02
2.624028850044143879e-01 2.296519135212143965e+02 8.751882187474843704e+02
1.725588794010028959e+00 1.510214982920256944e+03 8.751882187474843704e+02
5.438333943536224346e-01 4.759565796997450775e+02 8.751882187474843704e+02
3.686442085049771999e-01 3.226330681930472224e+02 8.751882187474843704e+02
5.365651420918727821e-01 4.695954909493769946e+02 8.751882187474843704e+02
3.255324822161206333e-01 2.849021932551737564e+02 8.751882187474843704e+02
2.569469810867880954e-01 2.248769706898896175e+02 8.751882187474843704e+02
2.688593250648709243e-01 2.353025137971752656e+02 8.751882187474843704e+02
2.457098722931136514e+00 2.150423854608819966e+03 8.751882187474843704e+02
3.088054121505809380e-01 2.702628585996496895e+02 8.751882187474843704e+02
7.952540205942162377e-01 6.959969497356273678e+02 8.751882187474843704e+02
2.307289602621512170e+00 2.019312677452912340e+03 8.751882187474843704e+02
3.843580380321975909e-01 3.363856266666768420e+02 8.751882187474843704e+02
7.745904716484606212e-01 6.779124551407900299e+02 8.751882187474843704e+02
1.632975825866069597e+00 1.429161204297427730e+03 8.751882187474843704e+02
3.000999990651910254e-01 2.626439836279862448e+02 8.751882187474843704e+02
5.087167094447301308e-01 4.452228707860148802e+02 8.751882187474843704e+02
2.447479769683654494e-01 2.142005460049940950e+02 8.751882187474843704e+02
5.946035160346666570e-01 5.203899920593711386e+02 8.751882187474843704e+02
1.120715645130890392e+00 9.808371291845418227e+02 8.751882187474843704e+02
9.770028594301694014e-01 8.550613922558887907e+02 8.751882187474843704e+02
4.356475826936138107e-01 3.812736318992712654e+02 8.751882187474843704e+02
1.256275579658276298e+00 1.099477586817090241e+03 8.751882187474843704e+02
8.781400524036436783e-01 7.685378282739675342e+02 8.751882187474843704e+02
9.201515772305159935e-01 8.053058198540635431e+02 8.751882187474843704e+02
3.088729695357295135e-01 2.703219840272211059e+02 8.751882187474843704e+02
6.512948684710098135e-01 5.700055958165202128e+02 8.751882187474843704e+02
1.261483957498930719e+00 1.104035897742016459e+03 8.751882187474843704e+02
2.428458994882960020e+00 2.125358702032924157e+03 8.751882187474843704e+02
5.850232907504849811e-01 5.120054917577085689e+02 8.751882187474843704e+02
8.708089846628920272e-01 7.621217641564219321e+02 8.751882187474843704e+02
4.898230249277135684e-01 4.286873406879902859e+02 8.751882187474843704e+02
4.056988653855783666e-01 3.550628673446797734e+02 8.751882187474843704e+02
1.406593982163323764e+00 1.231034481750450141e+03 8.751882187474843704e+02
7.442350003712564499e-01 6.513457043044533066e+02 8.751882187474843704e+02
3.547706986025359610e-01 3.104911357737540811e+02 8.751882187474843704e+02
6.897722759730248177e-01 6.036805695502298477e+02 8.751882187474843704e+02
1.110648549818850306e+00 9.720265259704362961e+02 8.751882187474843704e+02
2.145538026179129587e-01 1.877749603386705815e+02 8.751882187474843704e+02
6.004308431858562667e-01 5.254900001288796147e+02 8.751882187474843704e+02
7.600784925790337043e-01 6.652117420285175058e+02 8.751882187474843704e+02
1.349439760757690454e+00 1.181013780524554477e+03 8.751882187474843704e+02
9.728406878347395370e-01 8.514187087111631627e+02 8.751882187474843704e+02
3.232327285267199146e-01 2.828894759201891702e+02 8.751882187474843704e+02
4.626069438265320244e+00 4.048681471477601463e+03 8.751882187474843704e+02
4.066471039487579153e-01 3.558927545637365597e+02 8.751882187474843704e+02
7.706447991593554647e-01 6.744592490632891213e+02 8.751882187474843704e+02
1.558034389595886360e+00 1.363573342177747918e+03 8.751882187474843704e+02
2.598244044759669413e-01 2.273952577404473914e+02 8.751882187474843704e+02
1.451873888087126030e+00 1.270662921960956282e+03 8.751882187474843704e+02
3.997818285222573542e-01 3.498843463920066483e+02 8.751882187474843704e+02
5.898060345847107033e-01 5.161912928147100956e+02 8.751882187474843704e+02
3.512673448648624408e+00 3.074250418564372467e+03 8.751882187474843704e+02
2.187711561534357418e+00 1.914659384672531814e+03 8.751882187474843704e+02
3.267764193459689603e-01 2.859908723760795510e+02 8.751882187474843704e+02
8.990531336498003290e-01 7.868407105983127394e+02 8.751882187474843704e+02
3.585190121965805554e-01 3.137716156714329827e+02 8.751882187474843704e+02
2.815082243158711917e-01 2.463726814017745710e+02 8.751882187474843704e+02
1.389883587755235128e+00 1.216409741433867111e+03 8.751882187474843704e+02
4.096645157774208568e-01 3.585335578472916609e+02 8.751882187474843704e+02
7.698612321764194411e-01 6.737734804712240475e+02 8.751882187474843704e+02
1.867973970039546572e+00 1.634828811505577505e+03 8.751882187474843704e+02
6.669648815755875315e-01 5.837198066732653388e+02 8.751882187474843704e+02
1.244143942274204218e+00 1.088860120704433712e+03 8.751882187474843704e+02
5.892303473240534384e-01 5.156874581064998893e+02 8.751882187474843704e+02
7.589824371819977600e-01 6.642524872579371049e+02 8.751882187474843704e+02
5.963074651842524831e-01 5.218812682804334599e+02 8.751882187474843704e+02
1.690402165689167013e+00 1.479420060356392014e+03 8.751882187474843704e+02
1.037572457864903486e+00 9.080711912202341409e+02 8.751882187474843704e+02
1.556390357310641015e+00 1.362134504490460586e+03 8.751882187474843704e+02
1.207383003307562985e+00 1.056687380010734159e+03 8.751882187474843704e+02
1.879543464708686606e+00 1.644954296936870605e+03 8.751882187474843704e+02
9.527011290507084729e-01 8.337928041326067614e+02 8.751882187474843704e+02
3.426095007110706026e-01 2.998477986532868726e+02 8.751882187474843704e+02
2.640116652592613189e+00 2.310598990468100055e+03 8.751882187474843704e+02
2.921384341672796370e-01 2.556761158265406948e+02 8.751882187474843704e+02
3.785634629924700678e-01 3.313142828592590945e+02 8.751882187474843704e+02
1.192286612730027784e+00 1.043475196831664789e+03 8.751882187474843704e+02
9.439858698670270387e-01 8.261653119717179834e+02 8.751882187474843704e+02
6.865225012918511061e-01 6.008364050356826738e+02 8.751882187474843704e+02
4.250679171210344776e-01 3.720144332318614602e+02 8.751882187474843704e+02
1.265952364793699658e+00 1.107946595162963604e+03 8.751882187474843704e+02
4.378642574194182013e-01 3.832136395040905654e+02 8.751882187474843704e+02
7.177293873209276143e-01 6.281483040321259068e+02 8.751882187474843704e+02
2.090845759207853871e-01 1.829883575676853127e+02 8.751882187474843704e+02
3.624786010388824642e-01 3.172370011772995895e+02 8.751882187474843704e+02
1.517809369633066785e+00 1.328368878607405804e+03 8.751882187474843704e+02
5.435593666666513890e-01 4.757167538964973232e+02 8.751882187474843704e+02
1.636584045751093619e+00 1.432319075831451073e+03 8.751882187474843704e+02
1.499700687471560823e+00 1.312520373322613068e+03 8.751882187474843704e+02
5.224303685823102894e-01 4.572249036991439084e+02 8.751882187474843704e+02
4.631802209238604084e-01 4.053698725094196789e+02 8.751882187474843704e+02
4.790277038849629077e-01 4.192394028937781059e+02 8.751882187474843704e+02
2.795529813006186082e+00 2.446614757500371979e+03 8.751882187474843704e+02
4.347349121043738718e-01 3.804748733519711550e+02 8.751882187474843704e+02
1.029563021767742947e+00 9.010614271091883438e+02 8.751882187474843704e+02
6.426449016796437208e-01 5.624352467881595885e+02 8.751882187474843704e+02
5.891862907092838553e-01 5.156489002762956488e+02 8.751882187474843704e+02
5.960047171064514204e-01 5.216163067294935445e+02 8.751882187474843704e+02
2.327783319594996847e+00 2.037248537106451295e+03 8.751882187474843704e+02
1.625306231847781557e+00 1.422448865970045745e+03 8.751882187474843704e+02
3.828759472464606239e-01 3.350885182718856754e+02 8.751882187474843704e+02
1.508951679116533606e+00 1.320616732222024666e+03 8.751882187474843704e+02
9.987087537423872119e-01 8.740581352353199236e+02 8.751882187474843704e+02
5.617354888290700954e-01 4.916242818755612234e+02 8.751882187474843704e+02
1.171668629924373040e+00 1.025430581185817573e+03 8.751882187474843704e+02
9.276585305348198363e-01 8.118758169446778084e+02 8.751882187474843704e+02
1.964853006294962623e-01 1.719616202679927994e+02 8.751882187474843704e+02
3.909842548293889219e-01 3.421848135424453972e+02 8.751882187474843704e+02
7.498078384592025136e-01 6.562229865440109506e+02 8.751882187474843704e+02
3.734453985352291228e-01 3.268350131434916079e+02 8.751882187474843704e+02
1.138218033206062518e+00 9.961550130278787947e+02 8.751882187474843704e+02
2.311960780199217580e-01 2.023400837036597579e+02 8.751882187474843704e+02
4.399691624984812255e-01 3.850558276308682935e+02 8.751882187474843704e+02
5.449149200026605078e-01 4.769031182060564333e+02 8.751882187474843704e+02
6.116465707612441793e-01 5.353058727675404498e+02 8.751882187474843704e+02
6.945117335955041105e-01 6.078284870246766332e+02 8.751882187474843704e+02
4.471895690239374721e-01 3.913750423565150527e+02 8.751882187474843704e+02
2.547332480186371151e-01 2.229395375891921560e+02 8.751882187474843704e+02
2.217395559876614020e-01 1.940638470306994634e+02 8.751882187474843704e+02
2.165117475151330684e+00 1.894885306456743820e+03 8.751882187474843704e+02
2.740809420973311372e-01 2.398724115067956291e+02 8.751882187474843704e+02
3.485988341051403649e-01 3.050895926779276124e+02 8.751882187474843704e+02
8.357273588546961784e-01 7.314187385545811821e+02 8.751882187474843704e+02
1.229510799463251258e+00 1.076053366513038327e+03 8.751882187474843704e+02
2.260966511614925512e-01 1.978771253947980142e+02 8.751882187474843704e+02
1.297549323185199555e+00 1.135599880895458682e+03 8.751882187474843704e+02
6.402719274009335271e-01 5.603584476560416761e+02 8.751882187474843704e+02
2.258024437685490216e-01 1.976196385506254103e+02 8.751882187474843704e+02
7.802643434028448954e-01 6.828781608549112434e+02 8.751882187474843704e+02
1.180286296167130100e+00 1.032972661154576372e+03 8.751882187474843704e+02
3.047596776427363263e+00 2.667220794222039331e+03 8.751882187474843704e+02
4.601010093939801315e-01 4.026749828554370652e+02 8.751882187474843704e+02
1.840735178705965147e+00 1.610989742237505880e+03 8.751882187474843704e+02
3.791297476442901937e-01 3.318098885149896091e+02 8.751882187474843704e+02
1.265163569896978091e+00 1.107256251162344597e+03 8.751882187474843704e+02
4.924423454177698778e-01 4.309797391220114378e+02 8.751882187474843704e+02
3.354916077289374909e-01 2.936183025730185818e+02 8.751882187474843704e+02
2.547032993803723944e-01 2.229133268938153662e+02 8.751882187474843704e+02
1.868796343151562622e+00 1.635548542764628564e+03 8.751882187474843704e+02
7.680351840355340576e-01 6.721753446514553616e+02 8.751882187474843704e+02
1.141942928705586668e+00 9.994149976851279007e+02 8.751882187474843704e+02
1.568991246145304608e+00 1.373162653944305021e+03 8.751882187474843704e+02
8.488125295814943350e-01 7.428707258149744348e+02 8.751882187474843704e+02
1.575845452598658047e+00 1.379161374681142888e+03 8.751882187474843704e+02
8.994969460729609345e-01 7.872291300023966869e+02 8.751882187474843704e+02
3.785361961408585607e+00 3.312904192319663707e+03 8.751882187474843704e+02
7.201110058473975117e-01 6.302326685080431616e+02 8.751882187474843704e+02
5.339071633583152288e-01 4.672692592760860748e+02 8.751882187474843704e+02
4.636873390264495964e-01 4.058136962983193143e+02 8.751882187474843704e+02
4.580189295677502548e-01 4.008527711210288658e+02 8.751882187474843704e+02
7.020234159137864749e-01 6.144026228926111344e+02 8.751882187474843704e+02
8.940071612974190840e-01 7.824245350433831163e+02 8.751882187474843704e+02
1.852028336609404580e+00 1.620873380987051178e+03 8.751882187474843704e+02
2.131376317429650447e-01 1.865355442731828646e+02 8.751882187474843704e+02
4.895549762279862716e-01 4.284527476239383645e+02 8.751882187474843704e+02
3.225637607333671775e-01 2.823040031887253463e+02 8.751882187474843704e+02
1.952382638765635114e+00 1.708702283934809429e+03 8.751882187474843704e+02
8.446346456477658027e-01 7.392142910168807930e+02 8.751882187474843704e+02
1.458800812393289403e+00 1.276725284505866057e+03 8.751882187474843704e+02
1.708583468582474563e+00 1.495332122450094403e+03 8.751882187474843704e+02
4.694176487940883158e-01 4.108287958967303553e+02 8.751882187474843704e+02
4.783613697882548865e-01 4.186562351425894803e+02 8.751882187474843704e+02
2.023384663901962310e-01 1.770842419841335698e+02 8.751882187474843704e+02
1.281650817226586136e+00 1.121685695784793552e+03 8.751882187474843704e+02
2.625602493216883104e-01 2.297896369177437919e+02 8.751882187474843704e+02
9.938962772152347691e-01 8.698463124757572587e+02 8.751882187474843704e+02
5.386823980675481405e-01 4.714484884353607868e+02 8.751882187474843704e+02
9.601302672993632381e-01 8.402946984032757882e+02 8.751882187474843704e+02
4.035673469222825771e-01 3.531973874975605554e+02 8.751882187474843704e+02
3.003826773380529058e-01 2.628913803220908676e+02 8.751882187474843704e+02
1.782468068817983031e+00 1.559995054123078944e+03 8.751882187474843704e+02
2.160640727522761040e+00 1.890967309673913860e+03 8.751882187474843704e+02
3.132928608814645077e+00 2.741902208611523292e+03 8.751882187474843704e+02
3.639591666777040602e-01 3.185327747814785653e+02 8.751882187474843704e+02
9.652303617527107082e-01 8.447582409833448764e+02 8.751882187474843704e+02
1.960855250547406836e+00 1.716117413948237072e+03 8.751882187474843704e+02
9.839895531771514214e-01 8.611760643112442040e+02 8.751882187474843704e+02
1.747412840415157653e+00 1.529315131219424075e+03 8.751882187474843704e+02
9.145011495168439142e-01 8.003606320881734746e+02 8.751882187474843704e+02
2.126755393736627031e+00 1.861311264755963293e+03 8.751882187474843704e+02
4.811750515376995163e-01 4.211187362610082232e+02 8.751882187474843704e+02
1.594154514083481189e+00 1.395185249588983424e+03 8.751882187474843704e+02
1.795807506421535971e+00 1.571669572758425602e+03 8.751882187474843704e+02
2.540485137821425710e+00 2.223402662524390962e+03 8.751882187474843704e+02
1.893054451121810589e+00 1.656778953069294175e+03 8.751882187474843704e+02
2.467052241247915390e-01 2.159135056574752127e+02 8.751882187474843704e+02
4.010751621648463439e-01 3.510162567589102878e+02 8.751882187474843704e+02
1.627040345406976840e+00 1.423966541727023696e+03 8.751882187474843704e+02
1.507774292453861076e+00 1.319586297285943147e+03 8.751882187474843704e+02
7.827088961926987887e-01 6.850176046566976993e+02 8.751882187474843704e+02
1.217618117704526437e+00 1.065645031548489214e+03 8.751882187474843704e+02
2.309295786070102996e-01 2.021068465571765103e+02 8.751882187474843704e+02
4.686991201495053772e-01 4.101999480921587633e+02 8.751882187474843704e+02
7.327972297243171562e-01 6.413355021855162477e+02 8.751882187474843704e+02
5.962822790958505204e-01 5.218592257125877723e+02 8.751882187474843704e+02
2.488996294352874561e-01 2.178340233323781661e+02 8.751882187474843704e+02
7.961031159990528128e-01 6.967400680305329388e+02 8.751882187474843704e+02
1.100951699841245635e+00 9.635399571110748411e+02 8.751882187474843704e+02
6.414770776061063939e-01 5.614131809174300543e+02 8.751882187474843704e+02
7.303322875006023063e-01 6.391782137914277655e+02 8.751882187474843704e+02
1.356477546148746827e+00 1.187173167384880344e+03 8.751882187474843704e+02
4.109215735234368894e-01 3.596337199768901769e+02 8.751882187474843704e+02
1.150481939515095142e+00 1.006888239345367197e+03 8.751882187474843704e+02
3.249218354284544752e+00 2.843677623807923283e+03 8.751882187474843704e+02
9.121397002050947167e-01 7.982939194713612778e+02 8.751882187474843704e+02
2.302252471128869438e-01 2.014904239314269319e+02 8.751882187474843704e+02
4.190961080692335861e-01 3.667879763051157624e+02 8.751882187474843704e+02
6.588649476233988667e-01 5.766308399056770213e+02 8.751882187474843704e+02
5.684323422153546579e-01 4.974852890619167169e+02 8.751882187474843704e+02
2.663772613166220382e-01 2.331302408465276130e+02 8.751882187474843704e+02
1.552910399397880559e+00 1.359088886323475663e+03 8.751882187474843704e+02
1.468171824378657453e+00 1.284926683793201619e+03 8.751882187474843704e+02
4.187076941511180816e-01 3.664480410199835205e+02 8.751882187474843704e+02
2.780654824766041755e-01 2.433596343038590248e+02 8.751882187474843704e+02
1.291735034885421518e+00 1.130511284275091612e+03 8.751882187474843704e+02
2.425840746588799668e+00 2.123067241972119064e+03 8.751882187474843704e+02
4.388981392996461062e-01 3.841184807452425503e+02 8.751882187474843704e+02
3.415787262785312528e-01 2.989456770137422836e+02 8.751882187474843704e+02
3.506281410552108957e-01 3.068656182128517003e+02 8.751882187474843704e+02
3.553952013185443182e+00 3.110376931933803917e+03 8.751882187474843704e+02
1.207401822735252761e+00 1.056703850552131826e+03 8.751882187474843704e+02
4.105385756197229341e+00 3.592985247237547355e+03 8.751882187474843704e+02
1.043654777855161031e+00 9.133943660183598467e+02 8.751882187474843704e+02
1.156176349377806334e+00 1.011871919769931424e+03 8.751882187474843704e+02
5.260036188483202535e-01 4.603521702345920517e+02 8.751882187474843704e+02
3.631589941908565655e-01 3.178324732480238026e+02 8.751882187474843704e+02
1.059861445720461148e+00 9.275782507992239516e+02 8.751882187474843704e+02
1.978682791930635454e-01 1.731719868136072193e+02 8.751882187474843704e+02
1.192939276152683803e+00 1.044046400169980643e+03 8.751882187474843704e+02
1.537426287863782326e+00 1.345537374331060846e+03 8.751882187474843704e+02
9.984830845033244584e-01 8.738606321759584716e+02 8.751882187474843704e+02
3.018337976108506626e-01 2.641613836888291189e+02 8.751882187474843704e+02
2.207860324625748050e-01 1.932293344752451105e+02 8.751882187474843704e+02
9.459930332267172393e-01 8.279219576972204777e+02 8.751882187474843704e+02
3.458040546436607521e+00 3.026436346192432211e+03 8.751882187474843704e+02
7.801594758382514039e-01 6.827863819978502988e+02 8.751882187474843704e+02
1.390167901998775601e+00 1.216658569910235883e+03 8.751882187474843704e+02
1.060538456184896061e+00 9.281707623816661226e+02 8.751882187474843704e+02
4.655124769103212157e-01 4.074110354718734470e+02 8.751882187474843704e+02
3.598565961780287314e-01 3.149422534135817386e+02 8.751882187474843704e+02
3.206030714920470870e-01 2.805880310640970947e+02 8.751882187474843704e+02
4.332872475447419269e+00 3.792078943846830043e+03 8.751882187474843704e+02
1.398176732912204789e+00 1.223667804371609691e+03 8.751882187474843704e+02
1.453775698413865003e+00 1.272327363953210579e+03 8.751882187474843704e+02
2.781414116626543809e+00 2.434260866329492728e+03 8.751882187474843704e+02
3.299152973131824762e-01 2.887379813930708679e+02 8.751882187474843704e+02
7.377086623244378805e-01 6.456339301343142552e+02 8.751882187474843704e+02
5.454426922370254616e-01 4.773650182477546764e+02 8.751882187474843704e+02
1.034893972576434784e+00 9.057270124516778651e+02 8.751882187474843704e+02
6.758597220462344568e-01 5.915044662608138424e+02 8.751882187474843704e+02
4.536929298957000922e-01 3.970667071737450442e+02 8.751882187474843704e+02
2.376843375259968472e+00 2.080185319835530208e+03 8.751882187474843704e+02
1.103774064929897047e+00 9.660100577856668451e+02 8.751882187474843704e+02
2.069494180027844354e+00 1.811196925126854694e+03 8.751882187474843704e+02
1.922249228490382933e+00 1.682329878271224288e+03 8.751882187474843704e+02
5.516497937968705134e-01 4.827974004055001842e+02 8.751882187474843704e+02
9.694842139439397988e-01 8.484811623054017673e+02 8.751882187474843704e+02
4.624957321792030562e+00 4.047708160242303165e+03 8.751882187474843704e+02
5.751738849701152345e-01 5.033854078570656725e+02 8.751882187474843704e+02
8.641739518255439068e-01 7.563148615861721282e+02 8.751882187474843704e+02
1.177690727868450971e+00 1.030701050358617977e+03 8.751882187474843704e+02
4.964891593436213668e-01 4.345214629933799415e+02 8.751882187474843704e+02
2.510331163586443370e+00 2.197012259525519312e+03 8.751882187474843704e+02
7.879520344549595379e-01 6.896063374930924965e+02 8.751882187474843704e+02
1.473030397673843250e+00 1.289178849901069498e+03 8.751882187474843704e+02
5.807215197286386132e-01 5.082406324396392847e+02 8.751882187474843704e+02
4.822280075602219385e-01 4.220402709667790759e+02 8.751882187474843704e+02
2.199811636931877368e-01 1.925249228106397652e+02 8.751882187474843704e+02
1.205745444326980165e+00 1.055254207683423829e+03 8.751882187474843704e+02
4.725475800855225561e-01 4.135680748884827267e+02 8.751882187474843704e+02
1.296449511182474312e+00 1.134637338387836508e+03 8.751882187474843704e+02
6.387421746377703879e-01 5.590196260601248923e+02 8.751882187474843704e+02
3.507052271025574153e-01 3.069330830133192194e+02 8.751882187474843704e+02
1.695139806585821196e+00 1.483566387853800052e+03 8.751882187474843704e+02
7.747382533077210587e-01 6.780417919079217199e+02 8.751882187474843704e+02
4.985650932429608329e-01 4.363382958849803686e+02 8.751882187474843704e+02
4.569581558611345851e-01 3.999243944702417366e+02 8.751882187474843704e+02
2.976801897524806506e+00 2.605261950258866818e+03 8.751882187474843704e+02
1.549404712692862951e+00 1.356020750620624540e+03 8.751882187474843704e+02
7.327409717814248324e-01 6.412862658966859044e+02 8.751882187474843704e+02
9.745997865160498375e-01 8.529582511526601820e+02 8.751882187474843704e+02
1.092093996821012603e+00 9.557877997826028604e+02 8.751882187474843704e+02
9.467277236052523692e-01 8.285649500609415554e+02 8.751882187474843704e+02
6.962584727853019517e-01 6.093572125848122596e+02 8.751882187474843704e+02
7.537184816462451087e-01 6.596455353890357856e+02 8.751882187474843704e+02
5.015278163490466401e-01 4.389312362428375991e+02 8.751882187474843704e+02
3.150135211874263153e-01 2.756961224893965436e+02 8.751882187474843704e+02
1.210302081497393267e+00 1.059242122852076363e+03 8.751882187474843704e+02
3.151856897484741071e-01 2.758468023856643185e+02 8.751882187474843704e+02
3.411708367372212614e-01 2.985886968926374720e+02 8.751882187474843704e+02
1.689678729430254212e+00 1.478786917465576835e+03 8.751882187474843704e+02
1.117135072810815144e+00 9.777034544736385442e+02 8.751882187474843704e+02
2.038738995826895606e-01 1.784280350248775733e+02 8.751882187474843704e+02
1.129716593592319462e+00 9.887146532355378667e+02 8.751882187474843704e+02
1.231517400431644038e+00 1.077809520040302914e+03 8.751882187474843704e+02
4.551142478196797958e-01 3.983106278759067322e+02 8.751882187474843704e+02
4.909930485993207472e-01 4.297113316210365497e+02 8.751882187474843704e+02
8.941681757748386472e-01 7.825654530170685348e+02 8.751882187474843704e+02
3.881089597107096889e-01 3.396683891291551731e+02 8.751882187474843704e+02
6.578025805476299670e-01 5.757010687569788843e+02 8.751882187474843704e+02
4.089869111247989020e-01 3.579405262383484683e+02 8.751882187474843704e+02
9.384048490190799452e-01 8.212808682770105406e+02 8.751882187474843704e+02
6.806322044920803949e-01 5.956812866715973769e+02 8.751882187474843704e+02
1.203630620614642099e+00 1.053403338885657831e+03 8.751882187474843704e+02
1.083988938692826087e+00 9.486943483965504811e+02 8.751882187474843704e+02
7.119392756090848762e-01 6.230808664766893799e+02 8.751882187474843704e+02
9.680792776564536295e-01 8.472515786185030038e+02 8.751882187474843704e+02
2.998003856166275294e-01 2.623817654676252005e+02 8.751882187474843704e+02
1.705896781376682103e+00 1.492980765460125212e+03 8.751882187474843704e+02
5.557032125151150304e+00 4.863449047133583008e+03 8.751882187474843704e+02
2.863318020741832393e-01 2.505942198280616822e+02 8.751882187474843704e+02
3.953786303282573189e-01 3.460307192078076355e+02 8.751882187474843704e+02
1.699785012698001196e+00 1.487631817516833735e+03 8.751882187474843704e+02
7.512242482154889434e-01 6.574626116756318197e+02 8.751882187474843704e+02
5.601509336620473789e-01 4.902374978614275278e+02 8.751882187474843704e+02
1.386054947851990793e+00 1.213058960896721146e+03 8.751882187474843704e+02
5.081396703319787100e-01 4.447178529527784008e+02 8.751882187474843704e+02
4.382226577548071211e-01 3.835273072552180906e+02 8.751882187474843704e+02
3.403195078619398739e-01 2.978436238907116831e+02 8.751882187474843704e+02
1.728601704991797217e+00 1.512851847115635564e+03 8.751882187474843704e+02
4.974276709671337504e-01 4.353428373094355379e+02 8.751882187474843704e+02
5.437515400940750254e+00 4.758849418161348694e+03 8.751882187474843704e+02
1.341847779355274328e+00 1.174369367844210046e+03 8.751882187474843704e+02
7.381164513808697869e-01 6.459908223122375830e+02 8.751882187474843704e+02
2.432985991245531388e+00 2.129320675915759239e+03 8.751882187474843704e+02
7.708556940795558976e-01 6.746438218128422477e+02 8.751882187474843704e+02
1.943358015309108788e+00 1.700804039807025447e+03 8.751882187474843704e+02
4.849670469533488570e-01 4.244374459743290231e+02 8.751882187474843704e+02
5.751012458642944525e-01 5.033218349674309593e+02 8.751882187474843704e+02
1.512423586919906970e+00 1.323655305028114526e+03 8.751882187474843704e+02
6.224908618491127310e-01 5.447966685683113610e+02 8.751882187474843704e+02
6.960851134380477978e-01 6.092054905264856188e+02 8.751882187474843704e+02
3.471455026264277377e-01 3.038176540898234634e+02 8.751882187474843704e+02
2.796111044995826522e-01 2.447123444890064548e+02 8.751882187474843704e+02
2.522291989841841886e+00 2.207480233750729440e+03 8.751882187474843704e+02
5.990688815515919918e-01 5.242980273521854997e+02 8.751882187474843704e+02
9.240373525077547612e-01 8.087066045974031567e+02 8.751882187474843704e+02
9.461900055348000382e-01 8.280943455406739986e+02 8.751882187474843704e+02
3.617776775292386171e-01 3.166235611794161287e+02 8.751882187474843704e+02
1.974138235740400926e+00 1.727742526098942790e+03 8.751882187474843704e+02
1.329167789582249570e+00 1.163271990181020101e+03 8.751882187474843704e+02
6.203003072256072503e-01 5.428795209692965500e+02 8.751882187474843704e+02
2.336143933526892702e-01 2.044565647921142784e+02 8.751882187474843704e+02
2.814653325546458085e+00 2.463351430376687858e+03 8.751882187474843704e+02
1.563002200870903025e+00 1.367921112078603301e+03 8.751882187474843704e+02
4.829094219417728873e-01 4.226366368055975613e+02 8.751882187474843704e+02
1.704899819325888410e+00 1.492108236018732214e+03 8.751882187474843704e+02
