3.379979948927261946e-01 8.764795943418853597e+01 2.593150277770323555e+02
2.458344386657564384e-01 6.374856429116178447e+01 2.593150277770323555e+02
5.942521840732142291e-01 1.540985216195076930e+02 2.593150277770323555e+02
4.270315842363437975e-01 1.107357071279176211e+02 2.593150277770323555e+02
5.758255623673435020e-01 1.493202217000129508e+02 2.593150277770323555e+02
5.228177835252784122e-01 1.355745080571840617e+02 2.593150277770323555e+02
7.936509285279591541e-01 2.058056125764952355e+02 2.593150277770323555e+02
1.574751209853601397e+00 4.083566537251019781e+02 2.593150277770323555e+02
3.590536637599058278e-01 9.310801079134522240e+01 2.593150277770323555e+02
2.026485970495251754e-01 5.254982657287425951e+01 2.593150277770323555e+02
4.238030802862557400e-01 1.098985075364222865e+02 2.593150277770323555e+02
6.823128280483987673e-01 1.769339699579960268e+02 2.593150277770323555e+02
6.424483903240523208e-01 1.665965221821913644e+02 2.593150277770323555e+02
2.508251247560270847e-01 6.504272419328677302e+01 2.593150277770323555e+02
1.740641793345887978e+00 4.513745749913523468e+02 2.593150277770323555e+02
4.962283108466625237e-01 1.286794582109521343e+02 2.593150277770323555e+02
6.719130138368236693e-01 1.742371418468454465e+02 2.593150277770323555e+02
2.055445813954560330e-01 5.330079883398116891e+01 2.593150277770323555e+02
1.111008220780639766e+00 2.881011276322428785e+02 2.593150277770323555e+02
6.063974488422240183e-01 1.572479712904428766e+02 2.593150277770323555e+02
3.139076003656015024e-01 8.140095810822752753e+01 2.593150277770323555e+02
3.397249347058383107e-01 8.809578087979495820e+01 2.593150277770323555e+02
2.542907759250171429e-01 6.594141962243892863e+01 2.593150277770323555e+02
4.801361429007727777e-01 1.245065172330710652e+02 2.593150277770323555e+02
5.137029724837178790e-01 1.332109005787593787e+02 2.593150277770323555e+02
6.596009720007668387e-01 1.710444443761363971e+02 2.593150277770323555e+02
2.042895169536205202e-01 5.297534176338462686e+01 2.593150277770323555e+02
2.080183241339134348e+00 5.394227750091748703e+02 2.593150277770323555e+02
2.753721968882344440e-01 7.140814888509493130e+01 2.593150277770323555e+02
1.281624717653418344e+00 3.323445492580274276e+02 2.593150277770323555e+02
1.338089812897390818e+00 3.469867969996509487e+02 2.593150277770323555e+02
2.255432328637511918e-01 5.848674969498532050e+01 2.593150277770323555e+02
7.538340753369644487e-01 1.954805041852784484e+02 2.593150277770323555e+02
1.340633626492328423e+00 3.476464460926817424e+02 2.593150277770323555e+02
5.138699386748164510e-01 1.332541974212419404e+02 2.593150277770323555e+02
5.516308166176345784e-01 1.430461605338689424e+02 2.593150277770323555e+02
4.134961768057149878e-01 1.072257725740706604e+02 2.593150277770323555e+02
3.937294420518005489e-01 1.020999612022981040e+02 2.593150277770323555e+02
4.850082952224627486e-01 1.257699395477040412e+02 2.593150277770323555e+02
9.672886150597469479e-01 2.508324740826254242e+02 2.593150277770323555e+02
1.532641139599218549e+00 3.974368796873938550e+02 2.593150277770323555e+02
3.245240990132693959e-01 8.415397574994234731e+01 2.593150277770323555e+02
1.467836066932124206e+00 3.806319504686337041e+02 2.593150277770323555e+02
4.358835300413497205e-01 1.130311497002235228e+02 2.593150277770323555e+02
8.258846678208339176e-01 2.141643055765846952e+02 2.593150277770323555e+02
6.817112262868904038e-01 1.767779655804997674e+02 2.593150277770323555e+02
5.474247003415075863e-01 1.419554513748916520e+02 2.593150277770323555e+02
4.044122145957000924e-01 1.048701646612551457e+02 2.593150277770323555e+02
2.904375466514615423e-01 7.531482047741687325e+01 2.593150277770323555e+02
4.704576493966805550e-01 1.219967384212175716e+02 2.593150277770323555e+02
4.724793456028820726e-01 1.225209946290854361e+02 2.593150277770323555e+02
8.206429272108832773e-01 2.128050434647153395e+02 2.593150277770323555e+02
2.040100481709254121e-01 5.290287130823723061e+01 2.593150277770323555e+02
9.219578497673261985e-01 2.390775254216672181e+02 2.593150277770323555e+02
6.851878841724489133e-01 1.776795152166646119e+02 2.593150277770323555e+02
4.971015899951417016e-01 1.289059126175971244e+02 2.593150277770323555e+02
2.047591550976379515e-01 5.309712599174566350e+01 2.593150277770323555e+02
6.133702476102227408e-01 1.590561227966501292e+02 2.593150277770323555e+02
3.879089390251201364e-01 1.005906172982581808e+02 2.593150277770323555e+02
3.900636693477603778e-01 1.011493712517256398e+02 2.593150277770323555e+02
4.698199924483358325e-01 1.218313843919453348e+02 2.593150277770323555e+02
2.741398028542317178e+00 7.108857059193527448e+02 2.593150277770323555e+02
7.897380374042495266e-01 2.047909411060619789e+02 2.593150277770323555e+02
1.967057132243385797e-01 5.100874748867031627e+01 2.593150277770323555e+02
5.043957044998427230e-01 1.307973861229925205e+02 2.593150277770323555e+02
4.053063866033895790e-01 1.051020369002665831e+02 2.593150277770323555e+02
1.071236046133634767e+00 2.777876050589018178e+02 2.593150277770323555e+02
7.044037352882858150e-01 1.826624741825271769e+02 2.593150277770323555e+02
2.322397569944313900e-01 6.022325903594222041e+01 2.593150277770323555e+02
2.656014166417277167e+00 6.887443873406876946e+02 2.593150277770323555e+02
8.000936316904329049e-01 2.074763023260313162e+02 2.593150277770323555e+02
5.549087348240329121e-01 1.438961739846119769e+02 2.593150277770323555e+02
1.119834674596565494e+00 2.903899597486923767e+02 2.593150277770323555e+02
3.482736928079857019e-01 9.031260232451244008e+01 2.593150277770323555e+02
3.772113783790865260e-01 9.781657906218548248e+01 2.593150277770323555e+02
2.404169365865047592e+00 6.234372458899850926e+02 2.593150277770323555e+02
7.972687780385779854e-01 2.067437753228344945e+02 2.593150277770323555e+02
4.537073394119511272e-01 1.176531313222535573e+02 2.593150277770323555e+02
1.059612257933494561e+00 2.747733820989080868e+02 2.593150277770323555e+02
9.823709294068312392e-01 2.547435448464815408e+02 2.593150277770323555e+02
9.767130406714794599e-01 2.532763692719144331e+02 2.593150277770323555e+02
2.039970053335405653e-01 5.289948910449849251e+01 2.593150277770323555e+02
1.367094731145568565e+00 3.545082081808477028e+02 2.593150277770323555e+02
1.352260998711395823e+00 3.506615984426431396e+02 2.593150277770323555e+02
2.197187547497365667e-01 5.697637499106289738e+01 2.593150277770323555e+02
1.272915489904272501e+00 3.300861156223411967e+02 2.593150277770323555e+02
1.953666542045759125e-01 5.066150936176547503e+01 2.593150277770323555e+02
2.641124743602958902e-01 6.848833362500087674e+01 2.593150277770323555e+02
2.486151758436938308e-01 6.446965122969925233e+01 2.593150277770323555e+02
6.588874425327245765e-01 1.708594154623112900e+02 2.593150277770323555e+02
5.161749013024944377e-01 1.338519088690632657e+02 2.593150277770323555e+02
5.311351215989261743e-01 1.377313188107829944e+02 2.593150277770323555e+02
3.081928772964137586e-01 7.991904453680305664e+01 2.593150277770323555e+02
4.334002006270831209e-01 1.123871850641834556e+02 2.593150277770323555e+02
1.523916661995403210e+00 3.951744915352203975e+02 2.593150277770323555e+02
4.987967342687315009e-01 1.293454890019891366e+02 2.593150277770323555e+02
2.785777863970502199e-01 7.223940641761527104e+01 2.593150277770323555e+02
4.617713539521534627e-01 1.197442514767405157e+02 2.593150277770323555e+02
3.866392576499583233e-01 1.002613698371901165e+02 2.593150277770323555e+02
2.732662153660156412e-01 7.086203622816285019e+01 2.593150277770323555e+02
3.662372149199101257e-01 9.497081355993945806e+01 2.593150277770323555e+02
4.872244778382748276e-01 1.263446290042823250e+02 2.593150277770323555e+02
4.217885765412245913e-01 1.093761164418225889e+02 2.593150277770323555e+02
2.633159456665064013e-01 6.828178176464564331e+01 2.593150277770323555e+02
6.515093753305073454e-01 1.689461717608274967e+02 2.593150277770323555e+02
1.246857274640478019e+00 3.233288288073904369e+02 2.593150277770323555e+02
5.822739713544690110e-01 1.509923910556270812e+02 2.593150277770323555e+02
2.872229764641522909e-01 7.448123412000356325e+01 2.593150277770323555e+02
7.789473364285767198e-01 2.019927501828217373e+02 2.593150277770323555e+02
2.017652171415207363e+00 5.232075288749241508e+02 2.593150277770323555e+02
8.966540007752723529e-01 2.325158571174269468e+02 2.593150277770323555e+02
4.894931060197231787e-01 1.269329183841703639e+02 2.593150277770323555e+02
5.911126712095504665e-01 1.532843987540603621e+02 2.593150277770323555e+02
9.021973404667825713e-01 2.339533284035084364e+02 2.593150277770323555e+02
9.274596124749581172e-01 2.405042151710194389e+02 2.593150277770323555e+02
1.057998596829445637e+00 2.743549355248889583e+02 2.593150277770323555e+02
2.088230949678863690e-01 5.415096667208332093e+01 2.593150277770323555e+02
2.880924273893242238e-01 7.470669581081529032e+01 2.593150277770323555e+02
3.020974730420891707e-01 7.833841461328063360e+01 2.593150277770323555e+02
2.193079819324438573e-01 5.686985542653658854e+01 2.593150277770323555e+02
8.201948344784659728e-01 2.126888462853618478e+02 2.593150277770323555e+02
7.419122191596752014e-01 1.923889877195108795e+02 2.593150277770323555e+02
2.281970716021839429e-01 5.917492996115777260e+01 2.593150277770323555e+02
9.673990773477023630e-01 2.508611186138949165e+02 2.593150277770323555e+02
1.018997491997970073e+00 2.642413629421799328e+02 2.593150277770323555e+02
8.472954642722269059e-01 2.197164468531060493e+02 2.593150277770323555e+02
7.190610812454041323e-01 1.864633442565348957e+02 2.593150277770323555e+02
4.062803743072991303e-01 1.053546065487603727e+02 2.593150277770323555e+02
2.969136970545603882e-01 7.699418359908469256e+01 2.593150277770323555e+02
5.217906361292551365e-01 1.353081533016531921e+02 2.593150277770323555e+02
5.363812706930308760e-01 1.390917241088432093e+02 2.593150277770323555e+02
3.727585887830870415e-01 9.666190380441359764e+01 2.593150277770323555e+02
9.003719452216407682e-01 2.334799759848104372e+02 2.593150277770323555e+02
3.992383121750006092e-01 1.035284940113158001e+02 2.593150277770323555e+02
7.548235442707288412e-01 1.957370883493220504e+02 2.593150277770323555e+02
1.133081827892119753e+00 2.938251456734956264e+02 2.593150277770323555e+02
1.143711160653661629e+00 2.965814913938061750e+02 2.593150277770323555e+02
5.039463222862046177e-01 1.306808545617804498e+02 2.593150277770323555e+02
4.100878552762632356e-01 1.063419435819878203e+02 2.593150277770323555e+02
2.517104537495672423e-01 6.527230330583844875e+01 2.593150277770323555e+02
3.362223376533108321e-01 8.718750482782705546e+01 2.593150277770323555e+02
3.171698875805220030e-01 8.224691820798129527e+01 2.593150277770323555e+02
5.905594968762252206e-01 1.531409523364486063e+02 2.593150277770323555e+02
1.771497585517733953e+00 4.593759455954769351e+02 2.593150277770323555e+02
9.712280439682677846e-01 2.518540271994641557e+02 2.593150277770323555e+02
1.276643630452118261e+00 3.310528784920624616e+02 2.593150277770323555e+02
7.131305485751977535e-01 1.849254680124277286e+02 2.593150277770323555e+02
2.038743342077571352e-01 5.286767863810852219e+01 2.593150277770323555e+02
1.194250112163339539e+00 3.096870010083604257e+02 2.593150277770323555e+02
6.066252059878475267e-01 1.573070321409866494e+02 2.593150277770323555e+02
4.660650035758148180e-01 1.208576593481651003e+02 2.593150277770323555e+02
7.264826822067346201e-01 1.883878769159723561e+02 2.593150277770323555e+02
1.153598115416910819e+00 2.991453273428684270e+02 2.593150277770323555e+02
4.217451886021608698e-01 1.093648652971991027e+02 2.593150277770323555e+02
5.346914586348417986e-01 1.386535304480359514e+02 2.593150277770323555e+02
3.432679431528734004e-01 8.901453621365213564e+01 2.593150277770323555e+02
4.607277553637678102e-01 1.194736306798052112e+02 2.593150277770323555e+02
9.854853542872135108e-01 2.555511620208473573e+02 2.593150277770323555e+02
9.193454079220203523e-01 2.384000799919858480e+02 2.593150277770323555e+02
6.736658388682625898e-01 1.746916757185613278e+02 2.593150277770323555e+02
4.428718489765451349e-01 1.148433258190184745e+02 2.593150277770323555e+02
7.154828331901480487e-01 1.855354507626930456e+02 2.593150277770323555e+02
3.354014172408541494e-01 8.697462782826811178e+01 2.593150277770323555e+02
1.160350634444055284e+00 3.008963570019573126e+02 2.593150277770323555e+02
2.319297838398719225e-01 6.014287833875749811e+01 2.593150277770323555e+02
6.768264570225961396e-01 1.755112715030449237e+02 2.593150277770323555e+02
1.137082970392200965e+00 2.948627020520440283e+02 2.593150277770323555e+02
5.521264364277005399e-01 1.431746821986830582e+02 2.593150277770323555e+02
1.975468343790644232e-01 5.122686284427189918e+01 2.593150277770323555e+02
1.772865620504098461e+00 4.597306976259660019e+02 2.593150277770323555e+02
4.154862689847579893e-01 1.077418333827580597e+02 2.593150277770323555e+02
9.199764080666226196e-01 2.385637078120107049e+02 2.593150277770323555e+02
8.729527298707679961e-01 2.263697613944744376e+02 2.593150277770323555e+02
6.463091024959638498e-01 1.675976628662897099e+02 2.593150277770323555e+02
5.391434886679129512e-01 1.398080087397259774e+02 2.593150277770323555e+02
2.008908684119004029e+00 5.209402112238410609e+02 2.593150277770323555e+02
6.568916395429694743e-01 1.703418737545854640e+02 2.593150277770323555e+02
2.336097343191073927e-01 6.057851474394448132e+01 2.593150277770323555e+02
3.275689303580812672e-01 8.494354627469861896e+01 2.593150277770323555e+02
2.391115930097153786e-01 6.200522938312479937e+01 2.593150277770323555e+02
3.772735849986535439e-01 9.783271017346642395e+01 2.593150277770323555e+02
5.986531491941547989e-01 1.552397580120901353e+02 2.593150277770323555e+02
1.181057160256768324e+00 3.062658703182468116e+02 2.593150277770323555e+02
2.802514783303697299e-01 7.267341988779421058e+01 2.593150277770323555e+02
5.449769745053010261e-01 1.413207192816852000e+02 2.593150277770323555e+02
5.338486650681529833e-01 1.384349814108797432e+02 2.593150277770323555e+02
9.906322512094859478e-01 2.568858297392119425e+02 2.593150277770323555e+02
6.222131620956212750e-01 1.613492234120611784e+02 2.593150277770323555e+02
1.734558671773027250e+00 4.497971301517148959e+02 2.593150277770323555e+02
6.602196780164888423e-01 1.712048841437891724e+02 2.593150277770323555e+02
2.271405891630583485e-01 5.890096818810997092e+01 2.593150277770323555e+02
2.594803309402392011e-01 6.728714922536167364e+01 2.593150277770323555e+02
9.680669267906675257e-01 2.510343020107482914e+02 2.593150277770323555e+02
3.776027679555202243e-01 9.791807226107003714e+01 2.593150277770323555e+02
9.813885224261998941e-01 2.544887919530107752e+02 2.593150277770323555e+02
4.918244925263650646e-01 1.275374819408991982e+02 2.593150277770323555e+02
9.220094418592075236e-01 2.390909040264064913e+02 2.593150277770323555e+02
2.329860924389683952e-01 6.041679503247331695e+01 2.593150277770323555e+02
2.303513557375526932e-01 5.973356821156053797e+01 2.593150277770323555e+02
1.189842122488310894e+00 3.085439430433394818e+02 2.593150277770323555e+02
2.203674825519380320e+00 5.714459985911050808e+02 2.593150277770323555e+02
5.373751146188804340e-01 1.393494427740809272e+02 2.593150277770323555e+02
1.220256648629278518e+00 3.164308867344097962e+02 2.593150277770323555e+02
3.001820207239336291e-01 7.784170904219254794e+01 2.593150277770323555e+02
5.775821430160409387e-01 1.497757294597225268e+02 2.593150277770323555e+02
2.066717861068360307e+00 5.359309995502306947e+02 2.593150277770323555e+02
3.657191419024939716e+00 9.483646944103766145e+02 2.593150277770323555e+02
9.417837139520500722e-01 2.442186699434325590e+02 2.593150277770323555e+02
2.657076157948402018e-01 6.890197777040802407e+01 2.593150277770323555e+02
3.514397192032697181e-01 9.113360054714833325e+01 2.593150277770323555e+02
1.045859488789781189e+00 2.712070823863949727e+02 2.593150277770323555e+02
2.038095242477283575e-01 5.285087244152342834e+01 2.593150277770323555e+02
4.775274437883366696e-01 1.238300423502677745e+02 2.593150277770323555e+02
2.939706791324033786e-01 7.623101482485225233e+01 2.593150277770323555e+02
6.945072384951965772e-01 1.800961638417319364e+02 2.593150277770323555e+02
1.174854004675649932e+00 3.046572988564238358e+02 2.593150277770323555e+02
1.421422347182736301e+00 3.685961754425857748e+02 2.593150277770323555e+02
2.724999431486138657e-01 7.066333032682254611e+01 2.593150277770323555e+02
1.108434692131865074e+00 2.874337729792009100e+02 2.593150277770323555e+02
1.595837378333472278e+00 4.138246140901708827e+02 2.593150277770323555e+02
3.674693183876617808e-01 9.529031650490365735e+01 2.593150277770323555e+02
3.345432643083560698e-01 8.675209587674042666e+01 2.593150277770323555e+02
1.695940206709799947e+00 4.397827818111377951e+02 2.593150277770323555e+02
2.243393117392938063e-01 5.817455485515529290e+01 2.593150277770323555e+02
2.441654527098797989e-01 6.331577115165416103e+01 2.593150277770323555e+02
6.246611331235807363e-01 1.619840190871738344e+02 2.593150277770323555e+02
3.309357408635794084e-01 8.581661083445187899e+01 2.593150277770323555e+02
4.233126183675708920e-01 1.097713233903549366e+02 2.593150277770323555e+02
1.392943336069361937e+00 3.612111398846587349e+02 2.593150277770323555e+02
8.405807987465583331e-01 2.179752331758038224e+02 2.593150277770323555e+02
4.743754276882867771e-01 1.230126772077296948e+02 2.593150277770323555e+02
9.341005411588266805e-01 2.422263077771420967e+02 2.593150277770323555e+02
9.270562427182966747e-01 2.403996153313663626e+02 2.593150277770323555e+02
2.264616793927516913e-01 5.872491668216480321e+01 2.593150277770323555e+02
4.750437717422135164e-01 1.231859888646383183e+02 2.593150277770323555e+02
5.742803712219962664e-01 1.489195304152364088e+02 2.593150277770323555e+02
1.438829938700626254e+00 3.731102255205786378e+02 2.593150277770323555e+02
3.522004330354370216e-01 9.133086507566717671e+01 2.593150277770323555e+02
7.269992110458591839e-01 1.885218206062375828e+02 2.593150277770323555e+02
2.317354204136266582e-01 6.009247698148186601e+01 2.593150277770323555e+02
1.971895646046055273e+00 5.113421742278420083e+02 2.593150277770323555e+02
1.025177911427098021e+00 2.658440385781179316e+02 2.593150277770323555e+02
2.420058723526907207e-01 6.275575951134294428e+01 2.593150277770323555e+02
9.203009002486421952e-01 2.386478535112045449e+02 2.593150277770323555e+02
2.093149752147069886e-01 5.427851861195058092e+01 2.593150277770323555e+02
1.181472656559340750e+00 3.063736147534896759e+02 2.593150277770323555e+02
6.385131061137262476e-01 1.655760438478801291e+02 2.593150277770323555e+02
1.022077446038390347e+00 2.650400413097235059e+02 2.593150277770323555e+02
7.618481153770575443e-01 1.975586652008814212e+02 2.593150277770323555e+02
4.570043152206709758e-01 1.185080866956719490e+02 2.593150277770323555e+02
4.566830522210459375e-01 1.184247783720004463e+02 2.593150277770323555e+02
3.228466421239299944e-01 8.371898597008852505e+01 2.593150277770323555e+02
1.322383641237679930e+00 3.429139506594421505e+02 2.593150277770323555e+02
1.178216947826744132e+00 3.055293605530624177e+02 2.593150277770323555e+02
6.769078462313752320e-01 1.755323769479802252e+02 2.593150277770323555e+02
1.272638555028417828e+00 3.300143022473164933e+02 2.593150277770323555e+02
4.899464091453178960e-01 1.270504666967753735e+02 2.593150277770323555e+02
3.797730431391306838e-01 9.848085723059178065e+01 2.593150277770323555e+02
5.429608107011324458e-01 1.407978977088041574e+02 2.593150277770323555e+02
5.707539275896897912e-01 1.480050705867707279e+02 2.593150277770323555e+02
8.333692612594852944e-01 2.161051731320283693e+02 2.593150277770323555e+02
1.074244164131104240e+00 2.785676552609721739e+02 2.593150277770323555e+02
1.024900964988885166e+00 2.657722222048000162e+02 2.593150277770323555e+02
1.599846459258731146e+00 4.148642290216647552e+02 2.593150277770323555e+02
3.533649932394161697e-01 9.163285303731005627e+01 2.593150277770323555e+02
2.784056519777740490e+00 7.219476937589928411e+02 2.593150277770323555e+02
3.326439643145114311e-01 8.625957884607969106e+01 2.593150277770323555e+02
5.951051086513394761e-01 1.543196977801759431e+02 2.593150277770323555e+02
1.047460241852841145e+00 2.716221817114065402e+02 2.593150277770323555e+02
2.155188096887750426e-01 5.588726612091765134e+01 2.593150277770323555e+02
7.391881977698429029e-01 1.916826080371413070e+02 2.593150277770323555e+02
1.723104111798976712e+00 4.468267906138702870e+02 2.593150277770323555e+02
9.984344923045130882e-01 2.589090681054919969e+02 2.593150277770323555e+02
9.379310180576944100e-01 2.432196080005712702e+02 2.593150277770323555e+02
2.584276949962396874e-01 6.701418490630433666e+01 2.593150277770323555e+02
5.699876066030820088e-01 1.478063520388423910e+02 2.593150277770323555e+02
1.239049173565193396e+00 3.213040708601670872e+02 2.593150277770323555e+02
2.469598561743059917e-01 6.404040196365207294e+01 2.593150277770323555e+02
2.634488582737411488e-01 6.831624800108264139e+01 2.593150277770323555e+02
4.597544131080907870e-01 1.192212284057377758e+02 2.593150277770323555e+02
6.517578270619164282e-01 1.690105990284590973e+02 2.593150277770323555e+02
5.499305095374383834e-01 1.426052453561383970e+02 2.593150277770323555e+02
5.440205793368038112e-01 1.410727116420005132e+02 2.593150277770323555e+02
1.818434797324350427e+00 4.715474699788861130e+02 2.593150277770323555e+02
3.597601094623397167e-01 9.329120277829481722e+01 2.593150277770323555e+02
1.177801637816757729e+00 3.054216644262867248e+02 2.593150277770323555e+02
1.184074277289910215e+00 3.070482541055025649e+02 2.593150277770323555e+02
4.421860478218589408e-01 1.146654872735415154e+02 2.593150277770323555e+02
3.711313031948476615e-01 9.623992419689814426e+01 2.593150277770323555e+02
2.650732795721599255e-01 6.873748485520371787e+01 2.593150277770323555e+02
8.620986237019141463e-01 2.235551285518032216e+02 2.593150277770323555e+02
4.248903776624095019e-01 1.101804600857214922e+02 2.593150277770323555e+02
1.136972350316865610e+00 2.948340166041357406e+02 2.593150277770323555e+02
5.563903638717540012e-01 1.442803826622770202e+02 2.593150277770323555e+02
1.800492207976360559e+00 4.668946869237202577e+02 2.593150277770323555e+02
3.176212775953400902e-01 8.236397042221211962e+01 2.593150277770323555e+02
3.892298125161262057e-01 1.009331396442683655e+02 2.593150277770323555e+02
1.254857085780147763e+00 3.254033000552848875e+02 2.593150277770323555e+02
5.990216576546379956e-01 1.553353177937564169e+02 2.593150277770323555e+02
1.435528606067141721e+00 3.722541403570253919e+02 2.593150277770323555e+02
3.506150299353041899e-01 9.091974622671843065e+01 2.593150277770323555e+02
6.928191440469095852e-01 1.796584155829841336e+02 2.593150277770323555e+02
4.834423340824777759e-01 1.253638622911910829e+02 2.593150277770323555e+02
5.874619558743561232e-01 1.523377134055084241e+02 2.593150277770323555e+02
4.644398338478087362e-01 1.204362284150048197e+02 2.593150277770323555e+02
5.158188616140287897e-01 1.337595824273590779e+02 2.593150277770323555e+02
4.588750374229642048e-01 1.189931930755227256e+02 2.593150277770323555e+02
4.283417219686593835e-01 1.110754455303647745e+02 2.593150277770323555e+02
1.394319064262533825e+00 3.615678868792847425e+02 2.593150277770323555e+02
3.858346458786868771e-01 1.000527219133731336e+02 2.593150277770323555e+02
8.532706166761075961e-01 2.212658936646903669e+02 2.593150277770323555e+02
2.454056017224318376e-01 6.363736042729175324e+01 2.593150277770323555e+02
1.555548854442470486e+00 4.033771943982800963e+02 2.593150277770323555e+02
1.283842796144422316e+00 3.329197303435337858e+02 2.593150277770323555e+02
9.106664834431125177e-01 2.361495044496631124e+02 2.593150277770323555e+02
2.473134862633247777e-01 6.413210356000877255e+01 2.593150277770323555e+02
2.454493969903052131e-01 6.364871719839683806e+01 2.593150277770323555e+02
4.108256563398140493e-01 1.065332664852764282e+02 2.593150277770323555e+02
4.103505991478749726e-01 1.064100770163530711e+02 2.593150277770323555e+02
7.448967490221580778e-01 1.931629211637020092e+02 2.593150277770323555e+02
6.933406994841136983e-01 1.797936627456699910e+02 2.593150277770323555e+02
1.359399456361434000e+00 3.525127077864479475e+02 2.593150277770323555e+02
1.778059625680733058e+00 4.610775812226190737e+02 2.593150277770323555e+02
4.358568402944930642e-01 1.130242286477760274e+02 2.593150277770323555e+02
6.445641769524597109e-01 1.671451774505070773e+02 2.593150277770323555e+02
1.220664359261748100e+00 3.165366122283936079e+02 2.593150277770323555e+02
4.949493166110127129e-01 1.283477957852079498e+02 2.593150277770323555e+02
3.509135907034777180e-01 9.099716752061048908e+01 2.593150277770323555e+02
4.173026944258818038e-01 1.082128597964779857e+02 2.593150277770323555e+02
5.523616155912225434e-01 1.432356676900043340e+02 2.593150277770323555e+02
2.102081978031078990e-01 5.451014465227283523e+01 2.593150277770323555e+02
2.504065232733437840e-01 6.493417453817724549e+01 2.593150277770323555e+02
1.532189750194854483e+00 3.973198276314629425e+02 2.593150277770323555e+02
1.367260504895891460e+00 3.545511958055173523e+02 2.593150277770323555e+02
1.020881139165574769e+00 2.647298209597694836e+02 2.593150277770323555e+02
3.619982746717269606e-01 9.387159265173666256e+01 2.593150277770323555e+02
2.391245609750938250e-01 6.200859217142712509e+01 2.593150277770323555e+02
6.053410160444667731e-01 1.569740223901478942e+02 2.593150277770323555e+02
6.433693122496412231e-01 1.668353310769059306e+02 2.593150277770323555e+02
3.962914971566416367e-01 1.027643405929762679e+02 2.593150277770323555e+02
6.625381971658687030e-01 1.718061110014121766e+02 2.593150277770323555e+02
2.893414335321842779e-01 7.503058187344473140e+01 2.593150277770323555e+02
5.486931937227612632e-01 1.422843907712864393e+02 2.593150277770323555e+02
1.869911207532092945e+00 4.848960767217687930e+02 2.593150277770323555e+02
2.835965062351419874e-01 7.354083589183517233e+01 2.593150277770323555e+02
2.094106607382417995e-01 5.430333130614386761e+01 2.593150277770323555e+02
1.723428747298887398e+00 4.469109734775470884e+02 2.593150277770323555e+02
5.611611218326214567e-01 1.455175118954168738e+02 2.593150277770323555e+02
1.554194849634545905e+00 4.030260806039028694e+02 2.593150277770323555e+02
8.686873789564509840e-01 2.252636918036495217e+02 2.593150277770323555e+02
4.808280129692105720e-01 1.246859295390861178e+02 2.593150277770323555e+02
5.873137569057210738e-01 1.522992831858402951e+02 2.593150277770323555e+02
6.324752230157505428e-01 1.640103300246140918e+02 2.593150277770323555e+02
3.815560864628904647e-01 9.894322715962020709e+01 2.593150277770323555e+02
2.013132431281975665e-01 5.220354923367302291e+01 2.593150277770323555e+02
1.712093524504836095e+00 4.439715798638487740e+02 2.593150277770323555e+02
6.101825045244443357e-01 1.582294931098154507e+02 2.593150277770323555e+02
1.441965150362060966e+00 3.739232330196504677e+02 2.593150277770323555e+02
9.118366719122872333e-01 2.364529519050514921e+02 2.593150277770323555e+02
3.632210855077078748e-01 9.418868587763510902e+01 2.593150277770323555e+02
1.841034332937482532e+00 4.774078691841535260e+02 2.593150277770323555e+02
6.161396897425032160e-01 1.597742807601093205e+02 2.593150277770323555e+02
3.661756494669800022e-01 9.495484871280278583e+01 2.593150277770323555e+02
2.833977639259870895e-01 7.348929902441619788e+01 2.593150277770323555e+02
3.549467418002462682e-01 9.204302420929799666e+01 2.593150277770323555e+02
2.921868877109511375e-01 7.576845090284993489e+01 2.593150277770323555e+02
1.539445695025889016e+00 3.992014031668712732e+02 2.593150277770323555e+02
2.658429604929928303e-01 6.893707468456895526e+01 2.593150277770323555e+02
9.197392407143614168e-01 2.385022067534712846e+02 2.593150277770323555e+02
7.553289039919635073e-01 1.958681357194714110e+02 2.593150277770323555e+02
1.587740231586922679e+00 4.117249022566746248e+02 2.593150277770323555e+02
4.418033742422913801e-01 1.145662542636264050e+02 2.593150277770323555e+02
2.789010030655011962e-01 7.232322135697262411e+01 2.593150277770323555e+02
7.816597488055916365e-01 2.026961194737101266e+02 2.593150277770323555e+02
4.330500283122710181e-01 1.122963801206412029e+02 2.593150277770323555e+02
3.648709572487306430e-01 9.461652241398697072e+01 2.593150277770323555e+02
1.450033633564963953e+00 3.760155119655298108e+02 2.593150277770323555e+02
9.543982640755754865e-01 2.474898123591093224e+02 2.593150277770323555e+02
1.441803740636709685e+00 3.738813770522375535e+02 2.593150277770323555e+02
5.428993762583156357e-01 1.407819668345586592e+02 2.593150277770323555e+02
4.505485393772282743e-01 1.168340070035073097e+02 2.593150277770323555e+02
1.201653400113684711e+00 3.116067848288455480e+02 2.593150277770323555e+02
1.074722092662351081e+00 2.786915893113279026e+02 2.593150277770323555e+02
9.593279056875537725e-01 2.487681425106502786e+02 2.593150277770323555e+02
9.858118670046662757e-01 2.556358316752431676e+02 2.593150277770323555e+02
3.399014353753738171e-01 8.814155015581822283e+01 2.593150277770323555e+02
8.379886008275674314e-01 2.173030373004371256e+02 2.593150277770323555e+02
4.249107272036395933e-01 1.101857370275708234e+02 2.593150277770323555e+02
6.679314706036180160e-01 1.732046678527312622e+02 2.593150277770323555e+02
3.589011071614069404e-01 9.306845057276790101e+01 2.593150277770323555e+02
6.881043957314740833e-01 1.784358104926052704e+02 2.593150277770323555e+02
3.347998801130180890e-01 8.681864021125439024e+01 2.593150277770323555e+02
8.900745206435576318e-01 2.308096990443129073e+02 2.593150277770323555e+02
2.518837556134824185e-01 6.531724308349342323e+01 2.593150277770323555e+02
3.539883700298822600e-01 9.179450400704531887e+01 2.593150277770323555e+02
1.082734483998457398e+00 2.807693227932107902e+02 2.593150277770323555e+02
9.594721288432820350e-01 2.488055417422840492e+02 2.593150277770323555e+02
9.309250440904727197e-01 2.414028536666560001e+02 2.593150277770323555e+02
3.055020381765103932e-01 7.922126951568179720e+01 2.593150277770323555e+02
8.763662013141684248e-01 2.272549258366359197e+02 2.593150277770323555e+02
9.599829687645233811e-01 2.489380102106503614e+02 2.593150277770323555e+02
5.359964901271134785e-01 1.389919447257042862e+02 2.593150277770323555e+02
1.095974429006475459e+00 2.842026395007313795e+02 2.593150277770323555e+02
6.784758534987038736e-01 1.759389847960621296e+02 2.593150277770323555e+02
5.524894831954716423e-01 1.432688256813519843e+02 2.593150277770323555e+02
5.958949236420509887e-01 1.545245086764310258e+02 2.593150277770323555e+02
6.057478691498594525e-01 1.570795255144739713e+02 2.593150277770323555e+02
1.452249609690605237e+00 3.765901478761036856e+02 2.593150277770323555e+02
2.613954900288710803e+00 6.778377875762769236e+02 2.593150277770323555e+02
1.220574930911579647e+00 3.165134221132856283e+02 2.593150277770323555e+02
9.849700693449935374e-01 2.554175408917424761e+02 2.593150277770323555e+02
2.394904652105992460e-01 6.210347663842094335e+01 2.593150277770323555e+02
1.374585864325648110e+00 3.564507715895214801e+02 2.593150277770323555e+02
7.388909377877135309e-01 1.916055240566184068e+02 2.593150277770323555e+02
6.730645558340672130e-01 1.745357539918470877e+02 2.593150277770323555e+02
4.131502219634410444e+00 1.071360612845367996e+03 2.593150277770323555e+02
4.392370348866925789e-01 1.139007639023440106e+02 2.593150277770323555e+02
2.478166088652137000e-01 6.426257081149285000e+01 2.593150277770323555e+02
8.272899133873953259e-01 2.145287068697111010e+02 2.593150277770323555e+02
2.446727549392673229e-01 6.344732224335913884e+01 2.593150277770323555e+02
1.252381899214429772e+00 3.247614469822423757e+02 2.593150277770323555e+02
5.553869698284003009e-01 1.440201875080534535e+02 2.593150277770323555e+02
9.217349541816177716e-01 2.390197252466678606e+02 2.593150277770323555e+02
8.531037055194261587e-01 2.212226110934592214e+02 2.593150277770323555e+02
1.079672247405461638e+00 2.799752388260382077e+02 2.593150277770323555e+02
1.519942435253704538e+00 3.941439148173046192e+02 2.593150277770323555e+02
3.641992877621986202e-01 9.444234842242993011e+01 2.593150277770323555e+02
3.354071197227503909e-01 8.697610656751943736e+01 2.593150277770323555e+02
4.422661628082676932e-01 1.146862622934674505e+02 2.593150277770323555e+02
3.312558790788639129e+00 8.589962748464087099e+02 2.593150277770323555e+02
1.675800609489598525e+00 4.345602815985629945e+02 2.593150277770323555e+02
1.013512676621736608e+00 2.628190678905400546e+02 2.593150277770323555e+02
2.611368166277324709e-01 6.771670085742624678e+01 2.593150277770323555e+02
1.237974397369733248e+00 3.210253652411872736e+02 2.593150277770323555e+02
8.965320299679185867e-01 2.324842282541300165e+02 2.593150277770323555e+02
1.456572026244097096e+00 3.777110154447363470e+02 2.593150277770323555e+02
2.360330851535092089e-01 6.120692603288088662e+01 2.593150277770323555e+02
2.811505069609214758e-01 7.290655152209808421e+01 2.593150277770323555e+02
6.597068465423859829e-01 1.710718992358372361e+02 2.593150277770323555e+02
5.245522068290241480e-01 1.360242700843720058e+02 2.593150277770323555e+02
1.234526249955729238e+00 3.201312087987454902e+02 2.593150277770323555e+02
3.022672288388288386e-01 7.838243484242750014e+01 2.593150277770323555e+02
1.327171882423653360e+00 3.441556135555860010e+02 2.593150277770323555e+02
1.260240566234015036e+00 3.267993174387165709e+02 2.593150277770323555e+02
9.110521860411437967e-01 2.362495229295852539e+02 2.593150277770323555e+02
7.172210130282142826e-01 1.859861869156826799e+02 2.593150277770323555e+02
4.724703315556157412e-01 1.225186571511681848e+02 2.593150277770323555e+02
4.904774224804730465e-01 1.271881664345310980e+02 2.593150277770323555e+02
8.683326380514956311e-01 2.251717021560273793e+02 2.593150277770323555e+02
9.695219904261034305e-01 2.514116218777887184e+02 2.593150277770323555e+02
4.217746654954858676e-01 1.093725090986104505e+02 2.593150277770323555e+02
9.007651045958429137e-01 2.335819281188524599e+02 2.593150277770323555e+02
2.714130995656605982e+00 7.038149545291972800e+02 2.593150277770323555e+02
2.719690956811535165e-01 7.052567360105268790e+01 2.593150277770323555e+02
2.053021674515954909e-01 5.323793725539542976e+01 2.593150277770323555e+02
4.828468023375793172e-01 1.252094319602206269e+02 2.593150277770323555e+02
8.047406598844942804e-01 2.086813465712549771e+02 2.593150277770323555e+02
2.322956863135633654e+00 6.023776234888647423e+02 2.593150277770323555e+02
5.633518799265043731e-01 1.460856083913848806e+02 2.593150277770323555e+02
5.241340079774959859e-01 1.359158248375716767e+02 2.593150277770323555e+02
3.389820299324733943e-01 8.790313450785414773e+01 2.593150277770323555e+02
1.486369109268664834e+00 3.854378468569266829e+02 2.593150277770323555e+02
9.676799572758081336e-01 2.509339550002536612e+02 2.593150277770323555e+02
8.128892555164997091e-01 2.107943998739122833e+02 2.593150277770323555e+02
1.062355925727325845e+00 2.754848563890764126e+02 2.593150277770323555e+02
7.725665236457073259e-01 2.003381095387919117e+02 2.593150277770323555e+02
7.819980706031044448e-01 2.027838514000297323e+02 2.593150277770323555e+02
5.889464319013063553e-01 1.527226603476713649e+02 2.593150277770323555e+02
1.449460990560204499e+00 3.758670170288442591e+02 2.593150277770323555e+02
9.137084231943115586e-01 2.369383251407413411e+02 2.593150277770323555e+02
3.184063340269061015e-01 8.256754735257020172e+01 2.593150277770323555e+02
3.732464805747056080e-01 9.678842147790935257e+01 2.593150277770323555e+02
4.294644511002154164e-01 1.113665860663003144e+02 2.593150277770323555e+02
2.410812832756005775e-01 6.251599966913497042e+01 2.593150277770323555e+02
5.230983907158892610e-01 1.356472737186117570e+02 2.593150277770323555e+02
4.022078531719829875e-01 1.042985406174333178e+02 2.593150277770323555e+02
6.137381415464799872e-01 1.591515232229496632e+02 2.593150277770323555e+02
6.660360471025921214e-01 1.727131560549134974e+02 2.593150277770323555e+02
4.121308838306772415e+00 1.068717315883249739e+03 2.593150277770323555e+02
4.208382176970789645e-01 1.091296741117548237e+02 2.593150277770323555e+02
2.686071768183015407e-01 6.965387751774809999e+01 2.593150277770323555e+02
1.508804336263546375e+00 3.912556383682883734e+02 2.593150277770323555e+02
4.494906551378600734e-01 1.165596817225906534e+02 2.593150277770323555e+02
3.008737950464174249e-01 7.802109651984287098e+01 2.593150277770323555e+02
1.353468212227564527e+00 3.509746470491212449e+02 2.593150277770323555e+02
2.398094673435639257e-01 6.218619868539161644e+01 2.593150277770323555e+02
2.021411199948365822e-01 5.241823014634147881e+01 2.593150277770323555e+02
5.904144299988577371e-01 1.531033343151145232e+02 2.593150277770323555e+02
2.734286362893410538e-01 7.090415441440654831e+01 2.593150277770323555e+02
1.196727566368662066e+00 3.103294421144299235e+02 2.593150277770323555e+02
4.106187293595794374e-01 1.064796072096490747e+02 2.593150277770323555e+02
4.491420452790651496e-01 1.164692819473739007e+02 2.593150277770323555e+02
7.575854820958648483e-01 1.964533003331656289e+02 2.593150277770323555e+02
1.723799879178161465e+00 4.470072135511299507e+02 2.593150277770323555e+02
1.548210356878586325e+00 4.014742116986598148e+02 2.593150277770323555e+02
4.663859357999283195e-01 1.209408818967756361e+02 2.593150277770323555e+02
1.383084323372702595e+00 3.586545497333704020e+02 2.593150277770323555e+02
4.448002335794768669e+00 1.153433849258925193e+03 2.593150277770323555e+02
1.783902900535363267e+00 4.625928302038562947e+02 2.593150277770323555e+02
5.446622453033194144e-01 1.412391052699310876e+02 2.593150277770323555e+02
3.079278451495110480e-01 7.985031771826717772e+01 2.593150277770323555e+02
2.847648205781874609e+00 7.384379735815431332e+02 2.593150277770323555e+02
3.754905701911569471e-01 9.737034763913358404e+01 2.593150277770323555e+02
2.602768884429956797e-01 6.749370855631497079e+01 2.593150277770323555e+02
5.858731365340422714e-01 1.519257086741422427e+02 2.593150277770323555e+02
3.413437705609735917e-01 8.851556934453581960e+01 2.593150277770323555e+02
1.548834913166226235e+00 4.016361685297374606e+02 2.593150277770323555e+02
3.699226224059848911e-01 9.592649510456062956e+01 2.593150277770323555e+02
4.493015284574906065e-01 1.165106383322172690e+02 2.593150277770323555e+02
1.852155172208301392e+00 4.802916699285698314e+02 2.593150277770323555e+02
3.091785642852383553e+00 8.017464798568956894e+02 2.593150277770323555e+02
6.530423110505539919e-01 1.693436850296518230e+02 2.593150277770323555e+02
3.649006606639760841e-01 9.462422495593641258e+01 2.593150277770323555e+02
4.439151890017595803e-01 1.151138795666378485e+02 2.593150277770323555e+02
6.148131165012163946e-01 1.594302803831967594e+02 2.593150277770323555e+02
2.686669601655637951e-01 6.966938023810402569e+01 2.593150277770323555e+02
2.719935819167227375e+00 7.053202324990948000e+02 2.593150277770323555e+02
3.238855204267140353e-01 8.398838272603192934e+01 2.593150277770323555e+02
5.175511154428305005e-01 1.342087818770916670e+02 2.593150277770323555e+02
2.291728631310821829e+00 5.942796736857860651e+02 2.593150277770323555e+02
