1.717677519253513641e+00 4.454195936172089318e+02 2.593150277770323555e+02
9.349075014925096738e-01 2.424355647184860629e+02 2.593150277770323555e+02
2.189748275554448675e-01 5.678346349001105864e+01 2.593150277770323555e+02
1.496038429116782309e+00 3.879452468019262596e+02 2.593150277770323555e+02
5.380169750729274503e-01 1.395158868355511004e+02 2.593150277770323555e+02
1.065872317725143459e+00 2.763967096776654557e+02 2.593150277770323555e+02
2.829628389331419136e+00 7.337651643781563280e+02 2.593150277770323555e+02
7.376189229803183922e-01 1.912756715015059399e+02 2.593150277770323555e+02
1.145086377631617358e+00 2.969381058226442178e+02 2.593150277770323555e+02
9.122354547704939476e-01 2.365563622930043834e+02 2.593150277770323555e+02
7.791620761034706577e-01 2.020484354075816782e+02 2.593150277770323555e+02
3.042453218009610438e+00 7.889538407384835637e+02 2.593150277770323555e+02
6.393969192240183119e-01 1.658052298691252133e+02 2.593150277770323555e+02
3.103085322560857340e-01 8.046766566143701027e+01 2.593150277770323555e+02
8.038965766046812789e-01 2.084624630921041444e+02 2.593150277770323555e+02
9.085600124192559912e-01 2.356032648576002373e+02 2.593150277770323555e+02
2.565289864012040955e+00 6.652182123424219071e+02 2.593150277770323555e+02
9.986527445299152594e-01 2.589656641873845615e+02 2.593150277770323555e+02
6.429196262610512580e-01 1.667187207422837787e+02 2.593150277770323555e+02
4.322584912481313602e+00 1.120911226648672709e+03 2.593150277770323555e+02
6.971903212073964351e-01 1.807919275097741263e+02 2.593150277770323555e+02
1.699153340842246118e+00 4.406159957779443630e+02 2.593150277770323555e+02
6.528891019590087330e-01 1.693039556098220544e+02 2.593150277770323555e+02
4.885113639791132667e-01 1.266783379196397163e+02 2.593150277770323555e+02
6.276826454685532353e-01 1.627675426448390397e+02 2.593150277770323555e+02
7.341915224308618315e-01 1.903868950328206040e+02 2.593150277770323555e+02
6.197563787990294504e-01 1.607121425832633008e+02 2.593150277770323555e+02
2.000544724282524445e-01 5.187713107465183526e+01 2.593150277770323555e+02
7.012244810018721797e-01 1.818380457689355865e+02 2.593150277770323555e+02
4.910820525511220280e-01 1.273449560980962758e+02 2.593150277770323555e+02
1.641331051905008387e+00 4.256218073160529798e+02 2.593150277770323555e+02
1.452083384839583324e+00 3.765470432742437197e+02 2.593150277770323555e+02
2.970277380762236241e-01 7.702375614978501517e+01 2.593150277770323555e+02
5.305548684281716776e-01 1.375808504436910766e+02 2.593150277770323555e+02
3.338493636489072713e-01 8.657215700796096769e+01 2.593150277770323555e+02
1.140657310258903268e+00 2.957895820938625207e+02 2.593150277770323555e+02
1.896874755981986738e+00 4.918881300370203462e+02 2.593150277770323555e+02
8.132958494751516554e-01 2.108998357975940792e+02 2.593150277770323555e+02
3.695844188873675940e-01 9.583879384973609206e+01 2.593150277770323555e+02
2.429295912120517542e+00 6.299529369301631050e+02 2.593150277770323555e+02
4.507500729264546924e-01 1.168862676814229644e+02 2.593150277770323555e+02
3.234822074307783235e-01 8.388379760528802365e+01 2.593150277770323555e+02
1.258980917221260709e+00 3.264726715199848854e+02 2.593150277770323555e+02
1.093965517642997209e+00 2.836816985947094167e+02 2.593150277770323555e+02
1.003409929712483217e+00 2.601992737951426875e+02 2.593150277770323555e+02
1.610454984147262847e+00 4.176151789478076921e+02 2.593150277770323555e+02
8.553068750279797516e-01 2.217939260557673151e+02 2.593150277770323555e+02
3.039901253826704952e+00 7.882920780755074475e+02 2.593150277770323555e+02
2.238871831883088304e-01 5.805731112739783839e+01 2.593150277770323555e+02
2.236801879994288367e+00 5.800363416424370371e+02 2.593150277770323555e+02
6.465652931113570201e-01 1.676640969428366077e+02 2.593150277770323555e+02
6.746132635115862364e-01 1.749373571662614211e+02 2.593150277770323555e+02
3.648895352799897962e-01 9.462133997667898200e+01 2.593150277770323555e+02
2.123039725988479898e+00 5.505361055164457866e+02 2.593150277770323555e+02
1.799573594520867292e+00 4.666564766499926691e+02 2.593150277770323555e+02
1.023190515956905244e+00 2.653286770665609424e+02 2.593150277770323555e+02
9.543517796147786836e-01 2.474777582398666027e+02 2.593150277770323555e+02
3.929036574304658025e+00 1.018858228402788427e+03 2.593150277770323555e+02
8.286755604355718896e-01 2.148880259724981840e+02 2.593150277770323555e+02
6.150191928845548661e-01 1.594837190862663761e+02 2.593150277770323555e+02
7.670508065138242904e-01 1.989078011975274194e+02 2.593150277770323555e+02
4.597218950923616987e+00 1.192127959955857250e+03 2.593150277770323555e+02
2.832264775822057046e-01 7.344488190142070039e+01 2.593150277770323555e+02
4.072681965809428206e-01 1.056107637090890563e+02 2.593150277770323555e+02
3.012834649497725392e-01 7.812733008221081832e+01 2.593150277770323555e+02
1.123604230204090948e+00 2.913674621657648913e+02 2.593150277770323555e+02
1.230223943669221498e+00 3.190155561245544504e+02 2.593150277770323555e+02
1.963252459102101111e-01 5.091008659653883939e+01 2.593150277770323555e+02
4.830841442572909594e-01 1.252709782867233059e+02 2.593150277770323555e+02
2.315972550236544969e-01 6.005664861954340950e+01 2.593150277770323555e+02
1.268472030843063258e+00 3.289338599124575921e+02 2.593150277770323555e+02
5.008710679269235966e-01 1.298833948921820536e+02 2.593150277770323555e+02
7.904241765714670187e-01 2.049688673032678992e+02 2.593150277770323555e+02
3.221127042341905833e-01 8.352866484582413875e+01 2.593150277770323555e+02
4.911381430910959911e-01 1.273595012180276456e+02 2.593150277770323555e+02
1.084532770030171456e+00 2.812356453854757774e+02 2.593150277770323555e+02
4.323589773156426008e-01 1.121171802122551640e+02 2.593150277770323555e+02
8.092031295405730518e-01 2.098385320140752128e+02 2.593150277770323555e+02
1.125426202695437361e+00 2.918399270129673937e+02 2.593150277770323555e+02
1.159218761161934008e+00 3.006028452503639414e+02 2.593150277770323555e+02
1.177241997125784811e+00 3.052765411849619568e+02 2.593150277770323555e+02
6.272947706198981344e-01 1.626669608676860150e+02 2.593150277770323555e+02
8.129824995540869681e-01 2.108185794541092548e+02 2.593150277770323555e+02
7.664895544398068195e-01 1.987622601003636476e+02 2.593150277770323555e+02
1.216278806939988577e+00 3.153993726062589076e+02 2.593150277770323555e+02
2.226354047906408951e-01 5.773270617743588673e+01 2.593150277770323555e+02
2.291528049620011331e-01 5.942276598390620279e+01 2.593150277770323555e+02
3.269660662256566597e-01 8.478721454545315339e+01 2.593150277770323555e+02
2.356343607074654067e-01 6.110353079207965266e+01 2.593150277770323555e+02
1.664018165470198651e+00 4.315049168003909585e+02 2.593150277770323555e+02
2.681301824496947983e+00 6.953018570980335653e+02 2.593150277770323555e+02
5.006286993930271212e-01 1.298205450890824011e+02 2.593150277770323555e+02
1.549313953671131783e+00 4.017603909315733404e+02 2.593150277770323555e+02
8.218413866482667807e-01 2.131158220070100811e+02 2.593150277770323555e+02
8.514051166169454010e-01 2.207821414650306622e+02 2.593150277770323555e+02
2.824175925536609455e-01 7.323512585777518780e+01 2.593150277770323555e+02
2.263437256681189336e+00 5.869432950878525617e+02 2.593150277770323555e+02
2.423540748193603878e-01 6.284605364365941682e+01 2.593150277770323555e+02
1.410517197312870952e+00 3.657683062011689685e+02 2.593150277770323555e+02
2.275709866446957719e-01 5.901257672301593971e+01 2.593150277770323555e+02
5.397838451320094988e-01 1.399740627940003606e+02 2.593150277770323555e+02
1.861913234012187335e+00 4.828220819962945143e+02 2.593150277770323555e+02
9.042439843967072788e-01 2.344840539310465601e+02 2.593150277770323555e+02
1.625563509524584838e+00 4.215330466256979207e+02 2.593150277770323555e+02
3.644431658593029200e-01 9.450558967795474530e+01 2.593150277770323555e+02
3.807245536065310132e-01 9.872759819387583491e+01 2.593150277770323555e+02
3.114201305523201513e-01 8.075591980450194285e+01 2.593150277770323555e+02
1.404758590127441753e+00 3.642750128189223915e+02 2.593150277770323555e+02
1.307307272605216397e+00 3.390044217087381071e+02 2.593150277770323555e+02
6.925200995123618197e-01 1.795808688412013225e+02 2.593150277770323555e+02
1.036071061318691200e+00 2.686687960448358012e+02 2.593150277770323555e+02
9.480446409395836271e-01 2.458422223991148030e+02 2.593150277770323555e+02
1.033733781301095611e+00 2.680627042121503223e+02 2.593150277770323555e+02
5.767350386338664370e-01 1.495560625633289078e+02 2.593150277770323555e+02
5.057005800142116980e-01 1.311357599532466907e+02 2.593150277770323555e+02
9.260035108000609361e-01 2.401266261247472755e+02 2.593150277770323555e+02
3.565437341381034186e-01 9.245714832174913056e+01 2.593150277770323555e+02
4.646034535837705315e-01 1.204786574713806147e+02 2.593150277770323555e+02
2.331578027789808216e-01 6.046132210406324248e+01 2.593150277770323555e+02
1.157007118198485340e+00 3.000293329938643865e+02 2.593150277770323555e+02
7.460860500604477030e-01 1.934713247954813369e+02 2.593150277770323555e+02
1.207593137229755476e+00 3.131470479240877012e+02 2.593150277770323555e+02
9.462582872187459415e-01 2.453789940343761771e+02 2.593150277770323555e+02
2.268615727767585355e+00 5.882861504614638761e+02 2.593150277770323555e+02
1.080852150006573309e+00 2.802812053018196821e+02 2.593150277770323555e+02
1.177118922083896901e+00 3.052446259770561028e+02 2.593150277770323555e+02
8.291918396442460315e-01 2.150219049298362108e+02 2.593150277770323555e+02
2.362942309629738169e+00 6.127464506571604943e+02 2.593150277770323555e+02
2.261666484769740970e-01 5.864841073204485156e+01 2.593150277770323555e+02
2.791599774196251160e-01 7.239037729880581651e+01 2.593150277770323555e+02
2.932619250501142250e-01 7.604722424031635342e+01 2.593150277770323555e+02
1.416740216295149235e+00 3.673820285414154228e+02 2.593150277770323555e+02
4.785964737999277574e-01 1.241072578974180090e+02 2.593150277770323555e+02
9.292454612756514409e-01 2.409673126023768077e+02 2.593150277770323555e+02
2.069536343217116825e-01 5.366618743269246039e+01 2.593150277770323555e+02
9.221179500830960496e-01 2.391190418394981805e+02 2.593150277770323555e+02
2.841800881633821607e+00 7.369216745576694620e+02 2.593150277770323555e+02
7.668414397229379453e-01 1.988535092423331321e+02 2.593150277770323555e+02
4.530171331017450731e-01 1.174741504537505818e+02 2.593150277770323555e+02
4.342086616428972312e-01 1.125968311549559360e+02 2.593150277770323555e+02
2.918728310897901190e-01 7.568701130140999567e+01 2.593150277770323555e+02
3.378928484381388264e-01 8.762069337839655248e+01 2.593150277770323555e+02
1.628617034105426020e+00 4.223248714371965775e+02 2.593150277770323555e+02
5.713538936857088801e-01 1.481606508116252030e+02 2.593150277770323555e+02
1.945846548876755677e-01 5.045872518718184807e+01 2.593150277770323555e+02
5.862838597926196549e-01 1.520322153873489128e+02 2.593150277770323555e+02
2.200835098999646688e-01 5.707096148297611649e+01 2.593150277770323555e+02
2.667393086817864134e-01 6.916951124004384610e+01 2.593150277770323555e+02
1.042787468491350733e+00 2.704104613573758797e+02 2.593150277770323555e+02
6.261972970656983772e-01 1.623823694824941697e+02 2.593150277770323555e+02
1.541039785791720185e+00 3.996147748580918915e+02 2.593150277770323555e+02
9.354187581261806939e-01 2.425681412466476559e+02 2.593150277770323555e+02
3.336740084209567359e-01 8.652668476215411886e+01 2.593150277770323555e+02
5.224572144679402452e-01 1.354810070820648775e+02 2.593150277770323555e+02
8.352714197006981811e-01 2.165984314010478045e+02 2.593150277770323555e+02
7.050131444372615963e-01 1.828205031329214023e+02 2.593150277770323555e+02
6.147237795185253040e-01 1.594071139610487080e+02 2.593150277770323555e+02
3.708939910628112346e-01 9.617838559478728655e+01 2.593150277770323555e+02
3.675145403890551221e-01 9.530204324945110272e+01 2.593150277770323555e+02
3.341191500888857080e-01 8.664211668613783957e+01 2.593150277770323555e+02
7.989600260673331844e-01 2.071823413523889883e+02 2.593150277770323555e+02
1.785331304089990079e+00 4.629632367113011924e+02 2.593150277770323555e+02
2.327922952307196258e+00 6.036654050403317342e+02 2.593150277770323555e+02
9.830891915142493387e-01 2.549298010048178469e+02 2.593150277770323555e+02
3.765586329566645851e-01 9.764731236483881105e+01 2.593150277770323555e+02
8.290324516947851219e-01 2.149805732392944435e+02 2.593150277770323555e+02
6.899621053294393569e-01 1.789175425086033044e+02 2.593150277770323555e+02
4.742228187542448237e-01 1.229731034177595745e+02 2.593150277770323555e+02
5.584833968759652656e-01 1.448231375739023292e+02 2.593150277770323555e+02
5.622761124170052582e-01 1.458066457097774844e+02 2.593150277770323555e+02
7.431461278124305014e-01 1.927089587760744394e+02 2.593150277770323555e+02
3.287978576177181256e-01 8.526222558116729999e+01 2.593150277770323555e+02
1.782504563178366253e+00 4.622302203132849741e+02 2.593150277770323555e+02
5.160737277471524331e-01 1.338256730457494541e+02 2.593150277770323555e+02
9.112168926366186472e-01 2.362922338249658765e+02 2.593150277770323555e+02
6.585106497153705440e-01 1.707617074224129396e+02 2.593150277770323555e+02
4.357915368807332990e-01 1.130072944912229786e+02 2.593150277770323555e+02
1.570442148216282474e+00 4.072392492869276452e+02 2.593150277770323555e+02
9.788676684019655960e-01 2.538350966216946176e+02 2.593150277770323555e+02
9.977269911885279230e-01 2.587256024339480405e+02 2.593150277770323555e+02
3.896541286213557886e-01 1.010431711868822191e+02 2.593150277770323555e+02
4.556726031171276503e-01 1.181627537345505914e+02 2.593150277770323555e+02
1.843059167990011016e+00 4.779329393420438237e+02 2.593150277770323555e+02
8.174594794175412682e-01 2.119795276117581295e+02 2.593150277770323555e+02
1.325164196462191413e+00 3.436349904147219263e+02 2.593150277770323555e+02
1.240501291298284459e+00 3.216806268104591595e+02 2.593150277770323555e+02
6.127957867953773841e-01 1.589071564744916714e+02 2.593150277770323555e+02
2.944833456384639558e-01 7.636395695411169982e+01 2.593150277770323555e+02
1.033670883371035742e+00 2.680463938336696970e+02 2.593150277770323555e+02
1.803714504549557729e+00 4.677302768491047118e+02 2.593150277770323555e+02
3.006275883497287360e+00 7.795725142345215772e+02 2.593150277770323555e+02
2.306501779530717666e+00 5.981105730267826175e+02 2.593150277770323555e+02
4.986789601720865162e-01 1.293149484088462202e+02 2.593150277770323555e+02
9.660053307954460378e-01 2.504996991879824293e+02 2.593150277770323555e+02
2.193146846107954517e-01 5.687159353175951537e+01 2.593150277770323555e+02
3.317791484907001154e-01 8.603531910670604077e+01 2.593150277770323555e+02
1.051514986157484177e+00 2.726736378433938057e+02 2.593150277770323555e+02
6.580340067867275211e-01 1.706381067481321452e+02 2.593150277770323555e+02
6.652054188720125660e-01 1.724977616722283926e+02 2.593150277770323555e+02
8.301010970438987835e-01 2.152576890376836332e+02 2.593150277770323555e+02
4.244381242980214131e-01 1.100631839919729345e+02 2.593150277770323555e+02
6.955788233686619471e-01 1.803740419029600446e+02 2.593150277770323555e+02
1.578852929759816837e+00 4.094202913365158452e+02 2.593150277770323555e+02
4.024794736926188832e-01 1.043689759002868271e+02 2.593150277770323555e+02
8.060907778567828474e-01 2.090314524507412557e+02 2.593150277770323555e+02
9.969734921110303683e-01 2.585302087997367835e+02 2.593150277770323555e+02
3.896635653393038523e-01 1.010456182696590446e+02 2.593150277770323555e+02
9.002830844790425946e-01 2.334569330588753076e+02 2.593150277770323555e+02
4.687283420027417713e-01 1.215483030263233104e+02 2.593150277770323555e+02
1.428045389499668971e+00 3.703136298449696255e+02 2.593150277770323555e+02
5.788270434604529946e-01 1.500985508530448840e+02 2.593150277770323555e+02
6.260752439435474104e-01 1.623507192737333185e+02 2.593150277770323555e+02
1.261365767605632460e+00 3.270910990636523366e+02 2.593150277770323555e+02
1.843004700177207855e+00 4.779188150196538345e+02 2.593150277770323555e+02
1.823797594315542225e+00 4.729381238296195988e+02 2.593150277770323555e+02
1.538441786118127652e+00 3.989410745005695276e+02 2.593150277770323555e+02
2.788422892066546033e-01 7.230799597103492715e+01 2.593150277770323555e+02
9.990409934464608011e-01 2.590663429659629742e+02 2.593150277770323555e+02
4.127748645565670338e-01 1.070387254681469500e+02 2.593150277770323555e+02
1.625947129753239739e+00 4.216325251159473737e+02 2.593150277770323555e+02
3.747172255811015873e+00 9.716980776009585270e+02 2.593150277770323555e+02
8.380705106326161724e-01 2.173242777438085511e+02 2.593150277770323555e+02
1.159001960379246521e+00 3.005466255493792573e+02 2.593150277770323555e+02
1.076869094278793071e+00 2.792483390951329056e+02 2.593150277770323555e+02
1.394115638611234775e+00 3.615151355508675692e+02 2.593150277770323555e+02
2.004700666654978036e+00 5.198490090582708945e+02 2.593150277770323555e+02
9.608796386384129695e-01 2.491705301839048730e+02 2.593150277770323555e+02
5.493918038426718331e-01 1.424655508739363654e+02 2.593150277770323555e+02
2.838633464102955917e-01 7.361003155926715635e+01 2.593150277770323555e+02
2.176784112882873323e+00 5.644728326968249803e+02 2.593150277770323555e+02
1.034363262333416245e+00 2.682259381035316324e+02 2.593150277770323555e+02
2.181671590363706503e+00 5.657402290555269246e+02 2.593150277770323555e+02
5.887472609015832470e-01 1.526710123143457736e+02 2.593150277770323555e+02
8.143172848048475521e-01 2.111647093284866230e+02 2.593150277770323555e+02
2.678811200189761266e-01 6.946560007866332853e+01 2.593150277770323555e+02
6.056712325987619883e-01 1.570596525050974037e+02 2.593150277770323555e+02
8.067809666241758659e-01 2.092104287701291696e+02 2.593150277770323555e+02
7.085470046937313304e-01 1.837368862034880124e+02 2.593150277770323555e+02
1.089955640682199967e+00 2.826418772392377718e+02 2.593150277770323555e+02
4.927086061514325821e-01 1.277667458901416353e+02 2.593150277770323555e+02
7.091499408462378362e-01 1.838932366086230275e+02 2.593150277770323555e+02
7.080396923740619464e-01 1.836053324952213188e+02 2.593150277770323555e+02
8.343628879438286239e-01 2.163628354632788557e+02 2.593150277770323555e+02
1.077028019418646343e+00 2.792895507721884201e+02 2.593150277770323555e+02
5.270610038397930408e-01 1.366748388509064966e+02 2.593150277770323555e+02
6.160007472372539539e-01 1.597382508805011980e+02 2.593150277770323555e+02
2.183730785149618381e+00 5.662742092086339198e+02 2.593150277770323555e+02
8.422156838312818694e-01 2.183991834469611604e+02 2.593150277770323555e+02
1.362620054181941320e+00 3.533478571997314361e+02 2.593150277770323555e+02
7.343824932197582367e-01 1.904364166282478834e+02 2.593150277770323555e+02
2.618280608021578693e-01 6.789595085971808430e+01 2.593150277770323555e+02
5.469354885951331902e-01 1.418285914172917330e+02 2.593150277770323555e+02
7.836891173389567422e-01 2.032223652313095386e+02 2.593150277770323555e+02
1.042718169360454583e+00 2.703924910513226223e+02 2.593150277770323555e+02
3.540973775240184307e-01 9.182277128841515434e+01 2.593150277770323555e+02
2.342248046003827522e-01 6.073801171101823115e+01 2.593150277770323555e+02
1.542348805167210068e+00 3.999542232538077542e+02 2.593150277770323555e+02
8.047492274216155872e-01 2.086835682623815842e+02 2.593150277770323555e+02
1.451691118167518280e+00 3.764453226312811580e+02 2.593150277770323555e+02
1.153303356834003202e+00 2.990688920127541905e+02 2.593150277770323555e+02
9.834499157439442474e-01 2.550233422184610390e+02 2.593150277770323555e+02
5.909104393934047073e-01 1.532319570050391349e+02 2.593150277770323555e+02
1.022954756688494893e+00 2.652675411453244010e+02 2.593150277770323555e+02
9.147096097703728557e-01 2.371979478655226501e+02 2.593150277770323555e+02
3.308291943283039327e-01 8.578898171669736428e+01 2.593150277770323555e+02
9.087508673093815936e-01 2.356527563987345388e+02 2.593150277770323555e+02
2.087882688230821238e+00 5.414193572937604131e+02 2.593150277770323555e+02
2.741454078345279655e+00 7.109002404755648286e+02 2.593150277770323555e+02
1.268133840267757328e+00 3.288461620140282093e+02 2.593150277770323555e+02
2.886407698438236413e-01 7.484888924963513546e+01 2.593150277770323555e+02
1.575001821945650748e+00 4.084216412067129909e+02 2.593150277770323555e+02
1.004841443717443994e+00 2.605704868891022556e+02 2.593150277770323555e+02
1.415764825799328719e+00 3.671290951278983243e+02 2.593150277770323555e+02
2.142122950539128989e-01 5.554846724208727693e+01 2.593150277770323555e+02
2.050264342854132560e-01 5.316643550174783428e+01 2.593150277770323555e+02
5.164617915529239323e-01 1.339263038223223532e+02 2.593150277770323555e+02
3.024117509064001008e-01 7.841991158639413584e+01 2.593150277770323555e+02
1.746257970674330640e+00 4.528309341712782157e+02 2.593150277770323555e+02
2.156288401415946243e+00 5.591579867084687976e+02 2.593150277770323555e+02
1.516228210736921156e+00 3.931807605835647905e+02 2.593150277770323555e+02
1.096180411597464932e+00 2.842560538820353599e+02 2.593150277770323555e+02
6.647931332243708358e-01 1.723908498080581069e+02 2.593150277770323555e+02
3.570808242580934544e-01 9.259642386113311829e+01 2.593150277770323555e+02
1.835905175345578177e+00 4.760778015407360613e+02 2.593150277770323555e+02
2.650505691964220034e+00 6.873159571348841155e+02 2.593150277770323555e+02
1.086013599374025418e+00 2.816196466879102900e+02 2.593150277770323555e+02
6.373237144384976682e-01 1.652676167125804625e+02 2.593150277770323555e+02
1.934508604253651676e+00 5.016471524469437782e+02 2.593150277770323555e+02
5.376053376324716471e-01 1.394091430612452314e+02 2.593150277770323555e+02
8.411441784625545148e-01 2.181213260025063789e+02 2.593150277770323555e+02
2.078377941897353864e-01 5.389546337342836324e+01 2.593150277770323555e+02
3.525035170288229880e-01 9.140945930983083656e+01 2.593150277770323555e+02
1.089066354723160490e+00 2.824112720260677065e+02 2.593150277770323555e+02
4.917594018330892491e-01 1.275206029459643560e+02 2.593150277770323555e+02
1.940877353880378076e+00 5.032986649333033142e+02 2.593150277770323555e+02
9.902899742332171851e-01 2.567970721756033754e+02 2.593150277770323555e+02
1.548885367536364077e+00 4.016492521061312004e+02 2.593150277770323555e+02
2.876033856162831803e-01 7.457987992985502501e+01 2.593150277770323555e+02
1.754206926585770043e+00 4.548922178942515302e+02 2.593150277770323555e+02
1.048976592822100651e+00 2.720153943051197984e+02 2.593150277770323555e+02
1.452510226497138124e+00 3.766577297305289562e+02 2.593150277770323555e+02
8.756372424715506142e-01 2.270658958541141601e+02 2.593150277770323555e+02
3.948547315806094637e-01 1.023917656877184044e+02 2.593150277770323555e+02
1.487502638551914336e+00 3.857317880344986065e+02 2.593150277770323555e+02
1.133493646442611080e+00 2.939319364123553555e+02 2.593150277770323555e+02
1.128653421905687404e+00 2.926767934521159304e+02 2.593150277770323555e+02
1.195952750855832081e+00 3.101285208081983455e+02 2.593150277770323555e+02
8.693781324544564981e-01 2.254428145661719043e+02 2.593150277770323555e+02
1.563038020065152134e+00 4.053192475897525924e+02 2.593150277770323555e+02
8.797701956901017306e-01 2.281376327327839135e+02 2.593150277770323555e+02
5.433046025759526998e-01 1.408870481083727100e+02 2.593150277770323555e+02
5.686709836609606938e+00 1.474649319240343402e+03 2.593150277770323555e+02
5.675733471394339702e-01 1.471802982789655516e+02 2.593150277770323555e+02
4.749585872488675253e-01 1.231638992453801222e+02 2.593150277770323555e+02
3.127504731161068752e-01 8.110089762338326125e+01 2.593150277770323555e+02
1.293500053990999987e+00 3.354240024302690131e+02 2.593150277770323555e+02
1.646404683424131932e+00 4.269374762143649491e+02 2.593150277770323555e+02
3.025317138189747013e-01 7.845101977240062752e+01 2.593150277770323555e+02
2.159782128940582080e+00 5.600639627585651397e+02 2.593150277770323555e+02
6.405468178460079764e-01 1.661034158622272514e+02 2.593150277770323555e+02
1.981118687391895117e-01 5.137338474506271524e+01 2.593150277770323555e+02
3.960447828725144337e-01 1.027003638715348330e+02 2.593150277770323555e+02
4.340360971164791692e-01 1.125520825799945044e+02 2.593150277770323555e+02
2.047087121801602017e+00 5.308404538519876041e+02 2.593150277770323555e+02
7.741923174685950704e-01 2.007597023091337860e+02 2.593150277770323555e+02
1.752186060561248482e+00 4.543681769649690523e+02 2.593150277770323555e+02
1.010419203007042244e+00 2.620168836942180519e+02 2.593150277770323555e+02
4.711912941044472669e-01 1.221869835189905587e+02 2.593150277770323555e+02
5.079739790209134576e-01 1.317252864798178109e+02 2.593150277770323555e+02
5.619331900669018998e-01 1.457177207910350774e+02 2.593150277770323555e+02
2.043716627809370578e+00 5.299664341087698176e+02 2.593150277770323555e+02
7.305617706352728336e-01 1.894456458451237211e+02 2.593150277770323555e+02
5.649323251439659632e-01 1.464954415868510011e+02 2.593150277770323555e+02
2.364800147846234379e-01 6.132282160258765202e+01 2.593150277770323555e+02
2.538429084698083038e+00 6.582528086085102359e+02 2.593150277770323555e+02
2.284433115744957554e+00 5.923878368641762791e+02 2.593150277770323555e+02
5.367019950247691185e-01 1.391748927478366795e+02 2.593150277770323555e+02
5.291849740770235844e-01 1.372256162519715303e+02 2.593150277770323555e+02
3.584690450295672792e-01 9.295641036904849841e+01 2.593150277770323555e+02
1.658439887531560908e+00 4.300583855017851533e+02 2.593150277770323555e+02
4.081886688257462814e-01 1.058494559948182570e+02 2.593150277770323555e+02
8.045531259929092904e-01 2.086327162149494825e+02 2.593150277770323555e+02
7.080664105401481834e-01 1.836122609172021214e+02 2.593150277770323555e+02
5.379915266464767587e-01 1.395092876761391665e+02 2.593150277770323555e+02
2.187330950525797402e+00 5.672077861931597909e+02 2.593150277770323555e+02
2.303765858712174541e+00 5.974011076437263910e+02 2.593150277770323555e+02
3.972859681707624491e-01 1.030222218716264564e+02 2.593150277770323555e+02
1.416149133211245026e+00 3.672287518150943129e+02 2.593150277770323555e+02
1.457702367707505609e+00 3.780041299727176352e+02 2.593150277770323555e+02
3.349985136284599485e-01 8.687014886682864301e+01 2.593150277770323555e+02
1.051042632309527658e+00 2.725511493921903821e+02 2.593150277770323555e+02
3.665577428294818918e-01 9.505393126371338042e+01 2.593150277770323555e+02
9.652292973797864661e-01 2.502984620612447486e+02 2.593150277770323555e+02
7.569720578462965088e-01 1.962942302068497327e+02 2.593150277770323555e+02
1.903718872896375203e+00 4.936629124047842652e+02 2.593150277770323555e+02
6.605048349277682362e-01 1.712788296161583901e+02 2.593150277770323555e+02
4.262438400101212777e-01 1.105314332120135390e+02 2.593150277770323555e+02
1.352387124112117922e+00 3.506943046544347453e+02 2.593150277770323555e+02
1.979000868004840319e+00 5.131846650574462956e+02 2.593150277770323555e+02
2.567932884462068577e-01 6.659035872638361298e+01 2.593150277770323555e+02
2.499044872876277967e+00 6.480398906259623573e+02 2.593150277770323555e+02
5.272909157455335505e-01 1.367344584631298687e+02 2.593150277770323555e+02
2.493581481488206464e+00 6.466231511364077278e+02 2.593150277770323555e+02
2.822801285878655531e-01 7.319947938566662060e+01 2.593150277770323555e+02
4.652330952942272391e-01 1.206419330290172809e+02 2.593150277770323555e+02
5.055298935464909160e-01 1.310914983871284960e+02 2.593150277770323555e+02
5.246797341336200127e-01 1.360573398309056188e+02 2.593150277770323555e+02
3.197814908954462187e-01 8.292414619413345633e+01 2.593150277770323555e+02
4.023798318540082519e+00 1.043431372741397581e+03 2.593150277770323555e+02
4.449282131186242495e+00 1.153765719436414201e+03 2.593150277770323555e+02
3.951588448724036029e-01 1.024706268344273639e+02 2.593150277770323555e+02
4.696927932183965204e-01 1.217983997201004058e+02 2.593150277770323555e+02
1.619868719703350335e+00 4.200563020450201179e+02 2.593150277770323555e+02
3.990175798687128905e-01 1.034712548071795055e+02 2.593150277770323555e+02
3.599845027770949279e-01 9.334939133694355462e+01 2.593150277770323555e+02
5.646211164591157239e-01 1.464147404980946021e+02 2.593150277770323555e+02
2.725312956207573412e-01 7.067146049400730590e+01 2.593150277770323555e+02
4.910089895168766816e+00 1.273260097553414653e+03 2.593150277770323555e+02
5.314976981382807386e-01 1.378253403561570281e+02 2.593150277770323555e+02
1.066161264583112667e+00 2.764716379401658060e+02 2.593150277770323555e+02
6.739241059324841965e-01 1.747586482494938309e+02 2.593150277770323555e+02
2.684992734890032207e+00 6.962589656291387428e+02 2.593150277770323555e+02
8.097177538438831146e-01 2.099719818295828020e+02 2.593150277770323555e+02
1.208465137343943008e+00 3.133731706579197862e+02 2.593150277770323555e+02
1.295059030452624604e+00 3.358282684547189660e+02 2.593150277770323555e+02
3.984546047372131694e-01 1.033252668953168865e+02 2.593150277770323555e+02
9.434997406835541334e-01 2.446636614629786663e+02 2.593150277770323555e+02
5.599373038785144807e-01 1.452001575086536036e+02 2.593150277770323555e+02
5.065736261437384647e-01 1.313621539345755309e+02 2.593150277770323555e+02
6.512320876170096806e-01 1.688742668896996406e+02 2.593150277770323555e+02
1.669765157023742175e+00 4.329951980747325138e+02 2.593150277770323555e+02
1.151767736259938113e+00 2.986706825209355429e+02 2.593150277770323555e+02
5.500913994740745938e-01 1.426469665345262570e+02 2.593150277770323555e+02
1.258017576986888653e+00 3.262228629203499963e+02 2.593150277770323555e+02
8.550418079757767797e-01 2.217251901857625285e+02 2.593150277770323555e+02
5.376105998688635035e-01 1.394105076382213610e+02 2.593150277770323555e+02
4.282380639964714630e-01 1.110485654604275538e+02 2.593150277770323555e+02
7.322144438176595438e-01 1.898742088373206798e+02 2.593150277770323555e+02
2.835676312503758179e-01 7.353334817435847981e+01 2.593150277770323555e+02
2.841971534877376637e+00 7.369659275082622116e+02 2.593150277770323555e+02
1.358054344000422020e+00 3.521638999371888872e+02 2.593150277770323555e+02
1.358764112632859788e+00 3.523479536098247422e+02 2.593150277770323555e+02
1.516853161892838919e+00 3.933428198099208544e+02 2.593150277770323555e+02
1.602313293222774160e+00 4.155039161395718565e+02 2.593150277770323555e+02
1.462240609731725316e+00 3.791809643292870646e+02 2.593150277770323555e+02
3.041465673606087994e-01 7.886977556340531237e+01 2.593150277770323555e+02
1.657626258064610614e+00 4.298473991539627264e+02 2.593150277770323555e+02
4.568708932657883359e-01 1.184734883777354923e+02 2.593150277770323555e+02
1.269504483215575297e+00 3.292015903281140368e+02 2.593150277770323555e+02
1.244114425410919322e+00 3.226175667832391696e+02 2.593150277770323555e+02
5.004362684338818923e-01 1.297706448495665086e+02 2.593150277770323555e+02
1.102695348814825005e+00 2.859454750075207130e+02 2.593150277770323555e+02
5.209102525884113932e-01 1.350798566193048487e+02 2.593150277770323555e+02
1.538414935595542321e+00 3.989341117565595027e+02 2.593150277770323555e+02
4.390815521646598274e-01 1.138604448959612512e+02 2.593150277770323555e+02
2.948947694554037158e-01 7.647064533262957298e+01 2.593150277770323555e+02
3.456087978019297124e-01 8.962155500199416736e+01 2.593150277770323555e+02
6.076699355728215624e-01 1.575779462223336793e+02 2.593150277770323555e+02
1.075891133347424145e+00 2.789947391290501173e+02 2.593150277770323555e+02
7.643834610303547050e-01 1.982161184293905478e+02 2.593150277770323555e+02
1.631655225882707505e+00 4.231127202223142945e+02 2.593150277770323555e+02
2.093369061218518234e-01 5.428420562574601860e+01 2.593150277770323555e+02
1.288116381227088825e+00 3.340279351779529406e+02 2.593150277770323555e+02
1.291274455341445249e+00 3.348468712546392112e+02 2.593150277770323555e+02
1.230572757378015858e+00 3.191060087611394920e+02 2.593150277770323555e+02
5.900059267896160531e-01 1.529974032940630195e+02 2.593150277770323555e+02
1.707859666548450006e+00 4.428736768702845552e+02 2.593150277770323555e+02
8.469983952461155319e-01 2.196394123903482694e+02 2.593150277770323555e+02
1.988833074943742174e-01 5.157343040729171690e+01 2.593150277770323555e+02
1.914882685771207793e+00 4.965578568505190447e+02 2.593150277770323555e+02
1.899928418788904061e+00 4.926799906926178210e+02 2.593150277770323555e+02
5.630957334910181578e-01 1.460191857713517720e+02 2.593150277770323555e+02
5.168074372281872275e-01 1.340159349402042892e+02 2.593150277770323555e+02
2.155266230900324820e-01 5.588929225328175932e+01 2.593150277770323555e+02
1.991690693347000218e-01 5.164753274685342177e+01 2.593150277770323555e+02
1.198697831339304853e+00 3.108403614300202662e+02 2.593150277770323555e+02
1.073513196990567575e+00 2.783781044966198124e+02 2.593150277770323555e+02
1.478858118752452322e+00 3.834901341425820078e+02 2.593150277770323555e+02
2.677289842805956610e-01 6.942614899543931983e+01 2.593150277770323555e+02
2.558294224406272299e+00 6.634041378637339221e+02 2.593150277770323555e+02
2.851063749792888680e-01 7.393236754716329528e+01 2.593150277770323555e+02
1.021893932376379599e+00 2.649924534593616841e+02 2.593150277770323555e+02
2.875979715373313095e+00 7.457847597782123330e+02 2.593150277770323555e+02
5.612330685176031286e-01 1.455361687520313581e+02 2.593150277770323555e+02
2.926733024655461257e-01 7.589458555844888110e+01 2.593150277770323555e+02
1.928045535154964796e+00 4.999711815040928968e+02 2.593150277770323555e+02
4.568389640055190992e-01 1.184652086407218690e+02 2.593150277770323555e+02
5.899440808538227721e-01 1.529813657135048857e+02 2.593150277770323555e+02
1.309402243659567810e+00 3.395476791858893080e+02 2.593150277770323555e+02
2.250036583078350028e-01 5.834682990403013036e+01 2.593150277770323555e+02
1.378969948095643661e+00 3.575876303941146830e+02 2.593150277770323555e+02
6.621041553480460085e-01 1.716935574353670972e+02 2.593150277770323555e+02
1.375601998549912164e+00 3.567142704641116779e+02 2.593150277770323555e+02
9.000675470785362009e-01 2.334010409718760002e+02 2.593150277770323555e+02
8.329893575951015094e-01 2.160066584027460976e+02 2.593150277770323555e+02
1.491676743595687915e+00 3.868141961998690022e+02 2.593150277770323555e+02
9.689637079162054523e-01 2.512668508332270960e+02 2.593150277770323555e+02
2.168627582180330804e-01 5.623577217111309778e+01 2.593150277770323555e+02
4.655519787536032683e-01 1.207246243021430132e+02 2.593150277770323555e+02
9.635403813339954437e-01 2.498605007499173780e+02 2.593150277770323555e+02
1.228995275980371726e+00 3.186969441286916549e+02 2.593150277770323555e+02
1.708372906536337110e+00 4.430067677119997711e+02 2.593150277770323555e+02
1.236569314070696590e+00 3.206610060264685558e+02 2.593150277770323555e+02
6.809895134670540529e-01 1.765908146005768629e+02 2.593150277770323555e+02
2.670911716994886831e+00 6.926075460825302343e+02 2.593150277770323555e+02
4.918609761190178564e-01 1.275469426847413672e+02 2.593150277770323555e+02
3.832940394463915101e-01 9.939390448581194448e+01 2.593150277770323555e+02
8.786282915330925203e-01 2.278415198245903639e+02 2.593150277770323555e+02
1.295958363884951448e+00 3.360614791287035814e+02 2.593150277770323555e+02
3.385604545376060259e-01 8.779381367262401170e+01 2.593150277770323555e+02
5.817954973123035112e-01 1.508683155460923331e+02 2.593150277770323555e+02
1.939397778521930071e+00 5.029149888081291238e+02 2.593150277770323555e+02
1.071123844931861413e+00 2.777585096011473524e+02 2.593150277770323555e+02
8.759285596464608803e-01 2.271414387754179529e+02 2.593150277770323555e+02
5.004108417471871961e-01 1.297640513275999865e+02 2.593150277770323555e+02
1.715069674243957065e+00 4.447433402161175877e+02 2.593150277770323555e+02
9.645732827432670353e-01 2.501283476075535646e+02 2.593150277770323555e+02
6.120728874302048261e-01 1.587196978055319505e+02 2.593150277770323555e+02
4.126207119044027483e-01 1.069987513688690655e+02 2.593150277770323555e+02
1.317693228214835033e+00 3.416976560761373776e+02 2.593150277770323555e+02
6.187852190062068658e-01 1.604603062546115950e+02 2.593150277770323555e+02
1.758676619427216092e+00 4.560512764175858820e+02 2.593150277770323555e+02
6.128723359183209096e-01 1.589270068124340867e+02 2.593150277770323555e+02
5.689473235811457474e-01 1.475365910181130289e+02 2.593150277770323555e+02
4.623351203012548427e-01 1.198904445632174998e+02 2.593150277770323555e+02
4.909357254370348422e-01 1.273070112784422179e+02 2.593150277770323555e+02
4.796227184874835570e-01 1.243733785670775660e+02 2.593150277770323555e+02
6.091485998755583608e-01 1.579613860970707719e+02 2.593150277770323555e+02
6.478540642125762972e-01 1.679982946567475324e+02 2.593150277770323555e+02
3.515815399994251522e-01 9.117037681084273970e+01 2.593150277770323555e+02
1.039790963208743424e+00 2.696334225067825514e+02 2.593150277770323555e+02
1.141837040421526561e+00 2.960955038537525752e+02 2.593150277770323555e+02
7.767566839327281203e-01 2.014246810700109336e+02 2.593150277770323555e+02
7.146106172638704290e-01 1.853092720655427854e+02 2.593150277770323555e+02
7.839994483675726267e-01 2.033028387306151501e+02 2.593150277770323555e+02
8.873252105998394867e-01 2.300967616339584652e+02 2.593150277770323555e+02
4.415592647460603315e-01 1.145029530028306226e+02 2.593150277770323555e+02
1.120779439573423408e+00 2.906349515049090542e+02 2.593150277770323555e+02
9.928175976209472342e-01 2.574525229046024606e+02 2.593150277770323555e+02
2.487775155229525470e-01 6.451174834813554071e+01 2.593150277770323555e+02
8.481436669211439572e-01 2.199363985465705298e+02 2.593150277770323555e+02
9.696617037795195460e-01 2.514478516499106320e+02 2.593150277770323555e+02
3.310213566486734926e-01 8.583881229414170377e+01 2.593150277770323555e+02
7.901479840118880160e-01 2.048972464220088625e+02 2.593150277770323555e+02
1.456402351279226126e+00 3.776670161765077296e+02 2.593150277770323555e+02
6.715298912479663596e-01 1.741377924020739272e+02 2.593150277770323555e+02
1.143833146194713324e+00 2.966131240777723974e+02 2.593150277770323555e+02
1.864529836929167850e+00 4.835006064543927664e+02 2.593150277770323555e+02
3.230877161275588216e-01 8.378150008203586196e+01 2.593150277770323555e+02
7.256377219833499703e-01 1.881687660321748865e+02 2.593150277770323555e+02
2.136262632834150521e-01 5.539650039724239861e+01 2.593150277770323555e+02
7.779184175442879212e-01 2.017259360537620694e+02 2.593150277770323555e+02
4.681464114913820307e-01 1.213973996996057565e+02 2.593150277770323555e+02
9.711446697286053586e-01 2.518324070061902091e+02 2.593150277770323555e+02
3.180677375988010813e-01 8.247974421041094217e+01 2.593150277770323555e+02
3.689736099589367324e+00 9.568040191549357587e+02 2.593150277770323555e+02
3.329524561477069655e-01 8.633957541437378325e+01 2.593150277770323555e+02
3.371158326271707306e+00 8.741920150179216762e+02 2.593150277770323555e+02
3.719752454052895341e-01 9.645877109464107946e+01 2.593150277770323555e+02
2.271192746431064391e-01 5.889544101277658683e+01 2.593150277770323555e+02
