7.093085301889469063e-01 6.207784690784607164e+02 8.751882187474843704e+02
6.810894074923430352e-01 5.960814253510031904e+02 8.751882187474843704e+02
2.182918989306795454e-01 1.910464981921473111e+02 8.751882187474843704e+02
1.383497156061685107e+00 1.210820411655836551e+03 8.751882187474843704e+02
6.716412666312273627e-01 5.878125237802880747e+02 8.751882187474843704e+02
2.008813992854682484e-01 1.758090340201511310e+02 8.751882187474843704e+02
2.099836269221281082e+00 1.837751964121135870e+03 8.751882187474843704e+02
5.339572591569201609e-01 4.673131025288338378e+02 8.751882187474843704e+02
3.715032183373626062e-01 3.251352399156341448e+02 8.751882187474843704e+02
2.632048875841747071e-01 2.303538167304257058e+02 8.751882187474843704e+02
5.306695443313683924e+00 4.644357332469095127e+03 8.751882187474843704e+02
2.461852931917533294e+00 2.154584682303177942e+03 8.751882187474843704e+02
9.701900791054819395e-01 8.490989271788076849e+02 8.751882187474843704e+02
2.478452746648819982e+00 2.169112644589391039e+03 8.751882187474843704e+02
2.465163421227834217e-01 2.157481983545842752e+02 8.751882187474843704e+02
7.370240810997982228e-01 6.450347927117338713e+02 8.751882187474843704e+02
6.814074263370640816e-01 5.963597516972428139e+02 8.751882187474843704e+02
9.185614707984707250e-01 8.039141774381829464e+02 8.751882187474843704e+02
3.244774248563829233e-01 2.839788194838284880e+02 8.751882187474843704e+02
1.142367815829610445e+00 9.997868538903710487e+02 8.751882187474843704e+02
5.302865035238977232e-01 4.641005004449116313e+02 8.751882187474843704e+02
2.784424239295191228e-01 2.436895290226077577e+02 8.751882187474843704e+02
9.256403560441368583e-01 8.101095344070553210e+02 8.751882187474843704e+02
2.716376943900750685e-01 2.377341098979233038e+02 8.751882187474843704e+02
3.896190968817614952e-01 3.409900433899524046e+02 8.751882187474843704e+02
5.049875398375798241e-01 4.419591454801258124e+02 8.751882187474843704e+02
1.154615364181937442e+00 1.010505763916867750e+03 8.751882187474843704e+02
9.464686851494803488e-01 8.283382426562473029e+02 8.751882187474843704e+02
6.821439308941393831e-01 5.970043318086488853e+02 8.751882187474843704e+02
1.416241608917321093e+00 1.239477971024421549e+03 8.751882187474843704e+02
2.967778505974926206e-01 2.597364784281265884e+02 8.751882187474843704e+02
1.180888319348945448e+00 1.033499544750713994e+03 8.751882187474843704e+02
6.178180301426722254e-01 5.407070613106449173e+02 8.751882187474843704e+02
5.705902239720563873e-01 4.993738417528321634e+02 8.751882187474843704e+02
4.819357153391359283e-01 4.217844602584530662e+02 8.751882187474843704e+02
3.264607871287802165e+00 2.857146347781388158e+03 8.751882187474843704e+02
1.862166400441275904e+00 1.629746095013614877e+03 8.751882187474843704e+02
3.794326606278425884e-01 3.320749943895003184e+02 8.751882187474843704e+02
2.000362779148310011e-01 1.750693937531576978e+02 8.751882187474843704e+02
1.487831776557312136e+00 1.302132842321099133e+03 8.751882187474843704e+02
5.940437680885360949e-01 5.199001072514496400e+02 8.751882187474843704e+02
4.500585692332181309e-01 3.938859575392615398e+02 8.751882187474843704e+02
4.698691899495097135e-01 4.112239793962347676e+02 8.751882187474843704e+02
2.076977326403861845e-01 1.817746086674308401e+02 8.751882187474843704e+02
1.029247765231033229e+00 9.007855183023769996e+02 8.751882187474843704e+02
5.521769744439656291e-01 4.832587826969894991e+02 8.751882187474843704e+02
8.813627661531416857e-01 7.713583093799236394e+02 8.751882187474843704e+02
1.335312955786001510e+00 1.168650167244788918e+03 8.751882187474843704e+02
2.604809516518969970e-01 2.279698600938733080e+02 8.751882187474843704e+02
3.990151485054488911e-01 3.492133570737467494e+02 8.751882187474843704e+02
1.660869460076318971e+00 1.453573384336289791e+03 8.751882187474843704e+02
2.290119853133848471e-01 2.004285914982463339e+02 8.751882187474843704e+02
1.029693433714170325e+00 9.011755621082855896e+02 8.751882187474843704e+02
1.257297456888394782e+00 1.100371921729896258e+03 8.751882187474843704e+02
4.155551445292632318e-01 3.636889667319193222e+02 8.751882187474843704e+02
1.255232852755109096e+00 1.098565004516067347e+03 8.751882187474843704e+02
1.438385730502325544e+00 1.258858245350129437e+03 8.751882187474843704e+02
2.961055937536122062e+00 2.591481271583901162e+03 8.751882187474843704e+02
1.666775258019007611e+00 1.458742069118033896e+03 8.751882187474843704e+02
3.589312562691145736e+00 3.141324068269632335e+03 8.751882187474843704e+02
2.863692115074600864e-01 2.506269601233356070e+02 8.751882187474843704e+02
1.110495084156242207e+00 9.718922146305393426e+02 8.751882187474843704e+02
1.197508517751922907e+00 1.048045346586245614e+03 8.751882187474843704e+02
3.258930194758671295e-01 2.852177312173233759e+02 8.751882187474843704e+02
3.438814383788406093e-01 3.009609835151003381e+02 8.751882187474843704e+02
2.153907721716319668e-01 1.885074662315358012e+02 8.751882187474843704e+02
1.763266318964661794e+00 1.543189908872115893e+03 8.751882187474843704e+02
4.374248790005784149e-01 3.828291006883500813e+02 8.751882187474843704e+02
1.921498314124995277e+00 1.681672686865348851e+03 8.751882187474843704e+02
8.909471579782564099e-01 7.797464561891238191e+02 8.751882187474843704e+02
3.586663333414454313e-01 3.139005494017910678e+02 8.751882187474843704e+02
1.157987994068866433e+00 1.013457449860103679e+03 8.751882187474843704e+02
8.741659051826098370e-01 7.650597014465506618e+02 8.751882187474843704e+02
2.191168229521990030e-01 1.917684619771429482e+02 8.751882187474843704e+02
5.341496312430561444e-01 4.674814643122359143e+02 8.751882187474843704e+02
1.133019451106275222e+00 9.916052752199534552e+02 8.751882187474843704e+02
4.215841188554314001e-01 3.689654540333127670e+02 8.751882187474843704e+02
1.637040979881158487e+00 1.432718979198827583e+03 8.751882187474843704e+02
2.271789732783438820e-01 1.988243609603561310e+02 8.751882187474843704e+02
1.445542138554508638e+00 1.265121449365949729e+03 8.751882187474843704e+02
9.536036708144952634e-01 8.345826980512005093e+02 8.751882187474843704e+02
3.012252188805326081e-01 2.636287627538744118e+02 8.751882187474843704e+02
9.565366092866292025e-01 8.371495712483234684e+02 8.751882187474843704e+02
6.100251898068901335e-01 5.338868592581882240e+02 8.751882187474843704e+02
7.181589166467180485e-01 6.285242230376642283e+02 8.751882187474843704e+02
2.934115056244192554e-01 2.567902929674529560e+02 8.751882187474843704e+02
1.096498177993086909e+00 9.596422872576317786e+02 8.751882187474843704e+02
1.157618018441660013e+00 1.013133651549949036e+03 8.751882187474843704e+02
2.077210293798820384e+00 1.817949976993728342e+03 8.751882187474843704e+02
5.939938696490988379e-01 5.198564367251202611e+02 8.751882187474843704e+02
1.211574557863761781e+00 1.060355779176556553e+03 8.751882187474843704e+02
3.734250243128200419e-01 3.268171818640730066e+02 8.751882187474843704e+02
4.599619669229990659e-01 4.025532945229288657e+02 8.751882187474843704e+02
1.099245958816388535e+00 9.620471126618856488e+02 8.751882187474843704e+02
1.248618588256996231e+00 1.092776278151639190e+03 8.751882187474843704e+02
9.709277335981660872e-01 8.497445137003110176e+02 8.751882187474843704e+02
6.640321657864038940e-01 5.811531283656370306e+02 8.751882187474843704e+02
1.140905760000227476e+00 9.985072798533439027e+02 8.751882187474843704e+02
4.704172920761252596e-01 4.117036719201191772e+02 8.751882187474843704e+02
1.997219772954452743e-01 1.747943215539262667e+02 8.751882187474843704e+02
1.963804500871619563e-01 1.718698563086125262e+02 8.751882187474843704e+02
1.328348855616214630e+00 1.162555268822014114e+03 8.751882187474843704e+02
7.102711058359297835e-01 6.216209039443533584e+02 8.751882187474843704e+02
4.168115266559282439e+00 3.647885375674214174e+03 8.751882187474843704e+02
2.104830529343884482e+00 1.842122881741798892e+03 8.751882187474843704e+02
7.974635151005422529e-01 6.979306732969512268e+02 8.751882187474843704e+02
2.355959988785339132e-01 2.061908426025384244e+02 8.751882187474843704e+02
1.947021609544156595e+00 1.704010374319810353e+03 8.751882187474843704e+02
6.797073947599303612e-01 5.948719040894366117e+02 8.751882187474843704e+02
2.054765312611440908e+00 1.798306393888524781e+03 8.751882187474843704e+02
8.051754219122343459e-01 7.046800432826225915e+02 8.751882187474843704e+02
2.074167050914955679e-01 1.815286566674982680e+02 8.751882187474843704e+02
5.054477086866437929e-01 4.423618798354611386e+02 8.751882187474843704e+02
2.529736917652892769e-01 2.213995946860386823e+02 8.751882187474843704e+02
5.931570556835501495e-01 5.191240670011886778e+02 8.751882187474843704e+02
8.794586853387426073e-01 7.696918802836185023e+02 8.751882187474843704e+02
6.647106721227666881e-01 5.817469491175672829e+02 8.751882187474843704e+02
2.403642043607433221e-01 2.103639198651352729e+02 8.751882187474843704e+02
5.976037395631990101e-01 5.230157523451516681e+02 8.751882187474843704e+02
5.854583717987010827e-01 5.123862695653076571e+02 8.751882187474843704e+02
6.601683905764659244e-01 5.777715978220107900e+02 8.751882187474843704e+02
3.053352475938750366e-01 2.672258114625055896e+02 8.751882187474843704e+02
1.227513467803701852e+00 1.074305325375669327e+03 8.751882187474843704e+02
1.346141141693885324e+00 1.178126867981776513e+03 8.751882187474843704e+02
1.556834903332677600e+00 1.362523565931638132e+03 8.751882187474843704e+02
4.927099047081285321e-01 4.312139038607497810e+02 8.751882187474843704e+02
1.516099093612544468e+00 1.326872065183438281e+03 8.751882187474843704e+02
6.154599777396119187e-01 5.386433216282973717e+02 8.751882187474843704e+02
3.468784490482579308e-01 3.035839319444348803e+02 8.751882187474843704e+02
6.947970434127100914e-01 6.080781868153883352e+02 8.751882187474843704e+02
2.984203428155220994e-01 2.611739682667304123e+02 8.751882187474843704e+02
4.190439130419135738e-01 3.667422958321280930e+02 8.751882187474843704e+02
1.289840254080252713e+00 1.128852994437299003e+03 8.751882187474843704e+02
1.172523802564723105e+00 1.026179018205647026e+03 8.751882187474843704e+02
4.215466772590880096e-01 3.689326855893019115e+02 8.751882187474843704e+02
3.375295330584168751e-01 2.954018708120660222e+02 8.751882187474843704e+02
2.065350037284115203e-01 1.807570020220735216e+02 8.751882187474843704e+02
2.145948932334705850e-01 1.878109223613077177e+02 8.751882187474843704e+02
2.623885364982522783e-01 2.296393558776646842e+02 8.751882187474843704e+02
1.553394689571393261e+00 1.359512731377789123e+03 8.751882187474843704e+02
2.910472637975710652e-01 2.547211363743253969e+02 8.751882187474843704e+02
5.904812671677761582e-01 5.167822484163234549e+02 8.751882187474843704e+02
1.711278932345887238e+00 1.497691160579893904e+03 8.751882187474843704e+02
6.849037315927440916e-01 5.994196768661588521e+02 8.751882187474843704e+02
1.025571527561529139e+00 8.975681184047111856e+02 8.751882187474843704e+02
1.871481866718913034e+00 1.637898881351942464e+03 8.751882187474843704e+02
4.032656099611039435e-01 3.529333108639763736e+02 8.751882187474843704e+02
3.651747136888424117e-01 3.195966072049606055e+02 8.751882187474843704e+02
1.198376447012771129e+00 1.048804948050046278e+03 8.751882187474843704e+02
5.764133530774664393e-01 5.044701757421325965e+02 8.751882187474843704e+02
2.686408224198622574e-01 2.351112828564985193e+02 8.751882187474843704e+02
1.294707495622746007e+00 1.133112746893087433e+03 8.751882187474843704e+02
1.393449060103196135e+00 1.219530200827072576e+03 8.751882187474843704e+02
4.267424639198482139e-01 3.734799768619245697e+02 8.751882187474843704e+02
3.201342373721463019e-01 2.801777129658130434e+02 8.751882187474843704e+02
3.340180524711126586e-01 2.923286643716968456e+02 8.751882187474843704e+02
3.370038928352223628e-01 2.949418366814263663e+02 8.751882187474843704e+02
2.947124990083582752e+00 2.579289070497448392e+03 8.751882187474843704e+02
5.707484329437324533e-01 4.995123043809431920e+02 8.751882187474843704e+02
1.257720878328115077e+00 1.100742495185504595e+03 8.751882187474843704e+02
2.169305702201212438e-01 1.898550793428239842e+02 8.751882187474843704e+02
8.330580767012252252e-01 7.290826142613504999e+02 8.751882187474843704e+02
1.744406512923525554e+00 1.526684028817050830e+03 8.751882187474843704e+02
1.178836300607416288e+00 1.031703642123478630e+03 8.751882187474843704e+02
1.605847308954258423e+00 1.405418645904118648e+03 8.751882187474843704e+02
9.774626907195037573e-01 8.554638311829256736e+02 8.751882187474843704e+02
1.534083685866484137e+00 1.342611968443063688e+03 8.751882187474843704e+02
6.172210486802004459e-01 5.401845901678789232e+02 8.751882187474843704e+02
4.570177559092387654e-01 3.999765557301792569e+02 8.751882187474843704e+02
7.940150072347100796e-01 6.949125798405168553e+02 8.751882187474843704e+02
7.846623023859693458e-01 6.867272027434764823e+02 8.751882187474843704e+02
4.248413974217956079e-01 3.718161858597733840e+02 8.751882187474843704e+02
1.133203609102348075e+00 9.917664481285046350e+02 8.751882187474843704e+02
7.769328859227032646e-01 6.799625085170331431e+02 8.751882187474843704e+02
1.509426610504067234e+00 1.321032386577107445e+03 8.751882187474843704e+02
3.867022598021694346e-01 3.384372619418875843e+02 8.751882187474843704e+02
9.127916524303411050e-01 7.988645003780831075e+02 8.751882187474843704e+02
1.549109902951127049e+00 1.355762736607885245e+03 8.751882187474843704e+02
6.571338288916276360e-01 5.751157851863778205e+02 8.751882187474843704e+02
4.247097408524155848e-01 3.717009615813312848e+02 8.751882187474843704e+02
1.151463078600084566e+00 1.007746920713502504e+03 8.751882187474843704e+02
1.506681908850823648e+00 1.318630256026212010e+03 8.751882187474843704e+02
9.065575526466346234e-01 7.934084896928869739e+02 8.751882187474843704e+02
8.491787418491094641e-01 7.431912304771519757e+02 8.751882187474843704e+02
7.383184343303748065e-01 6.461675954100322770e+02 8.751882187474843704e+02
3.045409312127302925e-01 2.665306351237695708e+02 8.751882187474843704e+02
5.925504122855475009e-01 5.185931398462757898e+02 8.751882187474843704e+02
1.012165578488569917e+00 8.858353897149286240e+02 8.751882187474843704e+02
5.923033510701062321e-01 5.183769147812121219e+02 8.751882187474843704e+02
9.339656310997481725e-01 8.173957170535586556e+02 8.751882187474843704e+02
8.657025455301471384e-01 7.576526687876925052e+02 8.751882187474843704e+02
9.850338822602747735e-01 8.620900488212890878e+02 8.751882187474843704e+02
4.040735050538027395e-01 3.536403711310902622e+02 8.751882187474843704e+02
3.246432984499085239e-01 2.841239900986834073e+02 8.751882187474843704e+02
1.447905597437837200e+00 1.267189920736132990e+03 8.751882187474843704e+02
1.645666999387445983e+00 1.440268369845416373e+03 8.751882187474843704e+02
2.037787202848694579e-01 1.783447352247567608e+02 8.751882187474843704e+02
1.718844932832976014e+00 1.504312835069231596e+03 8.751882187474843704e+02
8.469382450327616052e-01 7.412303740593430348e+02 8.751882187474843704e+02
4.561758687375673915e+00 3.992397459960178367e+03 8.751882187474843704e+02
3.010745250037822895e-01 2.634968772483051680e+02 8.751882187474843704e+02
2.076217590784313671e+00 1.817081175010717061e+03 8.751882187474843704e+02
7.313628146664344909e-01 6.400801190260633575e+02 8.751882187474843704e+02
7.373588363128565915e-01 6.453277665303668300e+02 8.751882187474843704e+02
8.149274734526944508e-01 7.132149238994514917e+02 8.751882187474843704e+02
2.386342009368561889e+00 2.088498412501564417e+03 8.751882187474843704e+02
2.205970614664934715e+00 1.930639492857897494e+03 8.751882187474843704e+02
1.657026847464475150e+00 1.450210375049193544e+03 8.751882187474843704e+02
5.322528727356496958e-01 4.658214436127447016e+02 8.751882187474843704e+02
1.009216678368768383e+00 8.832545470718152956e+02 8.751882187474843704e+02
9.325567004766618373e-01 8.161626375712010031e+02 8.751882187474843704e+02
1.160552073334401468e+00 1.015701501825234686e+03 8.751882187474843704e+02
2.058707449626198116e+00 1.801756505760528853e+03 8.751882187474843704e+02
7.940459682077907200e-01 6.949396765193979491e+02 8.751882187474843704e+02
1.983347382325636232e+00 1.735802262695059426e+03 8.751882187474843704e+02
2.628192019004760294e-01 2.300162691639130799e+02 8.751882187474843704e+02
6.763783461446688516e-01 5.919583599617221807e+02 8.751882187474843704e+02
4.580450307012621236e-01 4.008756145255744059e+02 8.751882187474843704e+02
9.906656914527189883e-01 8.670189418767500911e+02 8.751882187474843704e+02
8.145609497914314545e-01 7.128941467092219000e+02 8.751882187474843704e+02
8.376117189796270512e-01 7.330679083357982790e+02 8.751882187474843704e+02
1.268084101700710731e+00 1.109812266189448792e+03 8.751882187474843704e+02
1.124013244378157417e+00 9.837231491959005325e+02 8.751882187474843704e+02
1.465311924416256462e+00 1.282423733039311855e+03 8.751882187474843704e+02
1.235682120811598228e+00 1.081454434251216526e+03 8.751882187474843704e+02
5.023766987920719185e-01 4.396741681560749271e+02 8.751882187474843704e+02
1.007703531862519375e+00 8.819302590763072658e+02 8.751882187474843704e+02
1.101822043406333718e+00 9.643016715455025860e+02 8.751882187474843704e+02
6.183278468082633594e-01 5.411532468500913637e+02 8.751882187474843704e+02
3.432417170883110269e-01 3.004011069783468884e+02 8.751882187474843704e+02
4.526249655794453153e-01 3.961320373861161670e+02 8.751882187474843704e+02
2.642635388940707819e-01 2.312803358846083484e+02 8.751882187474843704e+02
5.874967389138641138e-01 5.141702244499806511e+02 8.751882187474843704e+02
1.059370645066485928e+00 9.271487078491112470e+02 8.751882187474843704e+02
6.577090279691363284e-01 5.756191926424478424e+02 8.751882187474843704e+02
5.931987694905118680e-01 5.191605744336006865e+02 8.751882187474843704e+02
8.302945415888709491e-01 7.266640008889230558e+02 8.751882187474843704e+02
1.603955955418014723e+00 1.403763355571711827e+03 8.751882187474843704e+02
1.302858932901229672e+00 1.140246788765075507e+03 8.751882187474843704e+02
2.204024837006143545e-01 1.928936571174621406e+02 8.751882187474843704e+02
4.118581656597624097e+00 3.604534143803737607e+03 8.751882187474843704e+02
5.055259837158280201e-01 4.424303852188253359e+02 8.751882187474843704e+02
1.808959633176816961e+00 1.583180159146121241e+03 8.751882187474843704e+02
1.639004763398842046e+00 1.434437659397674679e+03 8.751882187474843704e+02
8.066383526310804131e-01 7.059603830126004596e+02 8.751882187474843704e+02
1.164181753728033009e+00 1.018878155343559683e+03 8.751882187474843704e+02
4.983894244475737811e-01 4.361845526248560532e+02 8.751882187474843704e+02
1.342881083359869665e+00 1.175273703335416485e+03 8.751882187474843704e+02
1.395381258514114098e+00 1.221221238112590527e+03 8.751882187474843704e+02
1.365964597126002600e+00 1.195476122630831242e+03 8.751882187474843704e+02
5.833476815051094055e-01 5.105390182869315367e+02 8.751882187474843704e+02
8.512878334535471936e-01 7.450370826016151113e+02 8.751882187474843704e+02
1.136014202909575888e+00 9.942262467162749999e+02 8.751882187474843704e+02
2.356572960831632424e-01 2.062444891938721696e+02 8.751882187474843704e+02
3.073435061387023715e-01 2.689834156811374442e+02 8.751882187474843704e+02
3.884150149148380415e-01 3.399362450380946825e+02 8.751882187474843704e+02
4.171586041614499862e+00 3.650922957112463337e+03 8.751882187474843704e+02
3.821154051950919062e-01 3.344229008286657177e+02 8.751882187474843704e+02
4.703423858363682819e-01 4.116381148615731718e+02 8.751882187474843704e+02
4.340149316940877355e+00 3.798447549791597339e+03 8.751882187474843704e+02
4.684968475995991422e-01 4.100229215395048072e+02 8.751882187474843704e+02
1.269538447743213228e+00 1.111085092711829020e+03 8.751882187474843704e+02
2.758071078199227699e+00 2.413831314108135757e+03 8.751882187474843704e+02
3.685611659912096938e-01 3.225603903633427194e+02 8.751882187474843704e+02
1.082486790631774332e+00 9.473796861107036875e+02 8.751882187474843704e+02
1.496984137603823983e+00 1.310142880882729742e+03 8.751882187474843704e+02
2.286756773553553224e-01 2.001342587355078706e+02 8.751882187474843704e+02
7.946204937440012328e-01 6.954424945000589560e+02 8.751882187474843704e+02
1.338359471218098840e+00 1.171316441659193060e+03 8.751882187474843704e+02
2.477843992151035069e-01 2.168579869824820037e+02 8.751882187474843704e+02
2.779087117900327364e-01 2.432224304459267614e+02 8.751882187474843704e+02
5.765965039203115872e-01 5.046304672020444286e+02 8.751882187474843704e+02
1.168936489459525108e+00 1.023039444039019372e+03 8.751882187474843704e+02
5.090656262508787000e-01 4.455282386640791970e+02 8.751882187474843704e+02
1.295700061043620677e+00 1.133981428455773084e+03 8.751882187474843704e+02
2.647139084305789591e-01 2.316744939970431005e+02 8.751882187474843704e+02
1.302183093715847395e+00 1.139655302272260997e+03 8.751882187474843704e+02
1.939716148938058549e+00 1.697616721264829494e+03 8.751882187474843704e+02
3.356805221537858541e-01 2.937836382519973313e+02 8.751882187474843704e+02
3.552149462802312030e-01 3.108799361074788976e+02 8.751882187474843704e+02
8.317749655691334398e-01 7.279596505151999963e+02 8.751882187474843704e+02
1.429167227266555651e+00 1.250790319923698007e+03 8.751882187474843704e+02
7.363991603154215193e-01 6.444878694035969602e+02 8.751882187474843704e+02
5.815316925857859642e-01 5.089496861793636526e+02 8.751882187474843704e+02
2.214064280653260219e+00 1.937722973977357015e+03 8.751882187474843704e+02
2.266812193175445245e+00 1.983887325580296420e+03 8.751882187474843704e+02
9.065411275259316337e-01 7.933941146207562269e+02 8.751882187474843704e+02
4.590261938610846748e-01 4.017343169637201186e+02 8.751882187474843704e+02
3.562124823199575463e+00 3.117529678972234251e+03 8.751882187474843704e+02
1.781807511370051555e+00 1.559416942026843344e+03 8.751882187474843704e+02
9.227777008790212232e-01 8.076041723322094867e+02 8.751882187474843704e+02
1.054359811116470924e+00 9.227632850099582811e+02 8.751882187474843704e+02
3.453776140919889714e-01 3.022704188724238747e+02 8.751882187474843704e+02
1.264555780544706742e+00 1.106724321081756671e+03 8.751882187474843704e+02
2.678422648816110585e-01 2.344123947070290797e+02 8.751882187474843704e+02
9.362313023089841035e-01 8.193786058034373809e+02 8.751882187474843704e+02
1.723292939543902502e+00 1.508205678139544261e+03 8.751882187474843704e+02
1.654284568024403157e+00 1.447810364390729092e+03 8.751882187474843704e+02
2.692879919789020193e-01 2.356776780301021290e+02 8.751882187474843704e+02
1.775986638283828745e+00 1.554322582478956974e+03 8.751882187474843704e+02
1.611774322404665227e+00 1.410605898248272524e+03 8.751882187474843704e+02
4.617657578893590853e-01 4.041319511257702857e+02 8.751882187474843704e+02
1.518993900472868974e+00 1.329405566043143835e+03 8.751882187474843704e+02
1.726230978422265583e+00 1.510777015152109698e+03 8.751882187474843704e+02
7.798704146185089225e-01 6.825333990238349315e+02 8.751882187474843704e+02
3.055996754171531604e-01 2.674572355781476745e+02 8.751882187474843704e+02
2.768595861747170428e+00 2.423042480674162562e+03 8.751882187474843704e+02
5.166595066534579450e-01 4.521743133269939108e+02 8.751882187474843704e+02
5.075906502799886200e-01 4.442373570714204902e+02 8.751882187474843704e+02
8.035983797166306175e-01 7.032998345325624996e+02 8.751882187474843704e+02
2.452768619512567527e-01 2.146634199110930297e+02 8.751882187474843704e+02
7.054279372243917878e-01 6.173822198341276817e+02 8.751882187474843704e+02
6.969926791833286339e-01 6.099997813744942050e+02 8.751882187474843704e+02
2.223550101545408442e-01 1.946024852667314065e+02 8.751882187474843704e+02
2.919372214079146044e+00 2.555000167900827364e+03 8.751882187474843704e+02
2.310247880389356967e-01 2.021901727303112750e+02 8.751882187474843704e+02
3.285656084439346758e-01 2.875567495957305937e+02 8.751882187474843704e+02
2.000853449401378992e+00 1.751123366356352790e+03 8.751882187474843704e+02
1.386845726175767846e+00 1.213751040769331667e+03 8.751882187474843704e+02
1.422878853348643169e+00 1.245286809155662013e+03 8.751882187474843704e+02
1.449136593396810113e+00 1.268267273896751703e+03 8.751882187474843704e+02
3.574705554245081185e-01 3.128540186566491457e+02 8.751882187474843704e+02
6.330899761713105756e-01 5.540728885522565861e+02 8.751882187474843704e+02
2.516189688363351884e+00 2.202139571389509911e+03 8.751882187474843704e+02
5.215280831458497524e-01 4.564352341152061854e+02 8.751882187474843704e+02
9.788852808862366084e-01 8.567088653369563644e+02 8.751882187474843704e+02
1.939551903147052336e-01 1.697472975283561993e+02 8.751882187474843704e+02
4.957151482976832613e-01 4.338440576447944750e+02 8.751882187474843704e+02
6.540415513642040546e-01 5.724094603252790421e+02 8.751882187474843704e+02
5.402038533436945844e-01 4.727800481683953535e+02 8.751882187474843704e+02
8.048286296924203054e-01 7.043765348174880501e+02 8.751882187474843704e+02
6.622837097552080055e-01 5.796229002461363962e+02 8.751882187474843704e+02
1.046066382380324677e+00 9.155049738870611691e+02 8.751882187474843704e+02
4.931438601403879129e-01 4.315936965425246399e+02 8.751882187474843704e+02
1.549160682141460965e+00 1.355807177957022986e+03 8.751882187474843704e+02
2.489689221306018163e-01 2.178946674829625465e+02 8.751882187474843704e+02
1.023999155825608076e+00 8.961919971859416592e+02 8.751882187474843704e+02
3.322523971047535718e-01 2.907833835966911238e+02 8.751882187474843704e+02
7.065883241476571541e-01 6.183977767985581977e+02 8.751882187474843704e+02
1.349163222452406385e+00 1.180771757457737522e+03 8.751882187474843704e+02
8.011579449741701442e-01 7.011639947973391145e+02 8.751882187474843704e+02
2.083573722213531543e+00 1.823519174573126520e+03 8.751882187474843704e+02
7.527957843572562480e-01 6.588380015922424491e+02 8.751882187474843704e+02
2.095671741587960546e-01 1.834107218599805549e+02 8.751882187474843704e+02
2.505667568061419326e-01 2.192930735665014765e+02 8.751882187474843704e+02
3.979681847807482464e-01 3.482970667564327982e+02 8.751882187474843704e+02
3.716908358274330637e-01 3.252994405325748062e+02 8.751882187474843704e+02
7.666107829271079366e-01 6.709287255825900047e+02 8.751882187474843704e+02
1.306685990734205438e+00 1.143596184692961060e+03 8.751882187474843704e+02
2.562597874843199452e+00 2.242755469450108649e+03 8.751882187474843704e+02
2.695974673470675209e-01 2.359485272263131037e+02 8.751882187474843704e+02
1.546990118712287643e+00 1.353907526415766370e+03 8.751882187474843704e+02
1.444930291412761969e+00 1.264585967955818660e+03 8.751882187474843704e+02
1.251076026271145336e+00 1.094926998949924609e+03 8.751882187474843704e+02
9.224136868987589111e-01 8.072855915852245516e+02 8.751882187474843704e+02
7.089552613593432806e-01 6.204692923607408375e+02 8.751882187474843704e+02
4.672589542629105863e-01 4.089395318751689956e+02 8.751882187474843704e+02
1.482470954793892570e+00 1.297441114270949356e+03 8.751882187474843704e+02
4.163327819845015210e-01 3.643695458712006143e+02 8.751882187474843704e+02
4.090446417106701205e-01 3.579910513669643137e+02 8.751882187474843704e+02
8.609964631687512249e-01 7.535339609485433812e+02 8.751882187474843704e+02
2.626983572559206337e+00 2.299105073546994845e+03 8.751882187474843704e+02
1.400782545582959449e+00 1.225948380921317039e+03 8.751882187474843704e+02
6.146830077946507931e-01 5.379633266861465017e+02 8.751882187474843704e+02
5.773379845479867933e-01 5.052794023118152040e+02 8.751882187474843704e+02
2.066365182452294391e-01 1.808458463312244078e+02 8.751882187474843704e+02
7.044313775831220203e-01 6.165100425768091554e+02 8.751882187474843704e+02
6.349970327055637354e-01 5.557419219635204399e+02 8.751882187474843704e+02
5.754583675687213740e-01 5.036343836758044290e+02 8.751882187474843704e+02
1.742281538051685397e+00 1.524824275844081967e+03 8.751882187474843704e+02
1.955823314681390257e-01 1.711713522960806415e+02 8.751882187474843704e+02
4.752146216610828033e-01 4.159022382543227536e+02 8.751882187474843704e+02
4.299865906421436179e-01 3.763191983494014039e+02 8.751882187474843704e+02
4.829347287479385242e-01 4.226587850242078730e+02 8.751882187474843704e+02
1.174091688663723154e+00 1.027551213647829854e+03 8.751882187474843704e+02
1.787624928962281867e+00 1.564508277367097662e+03 8.751882187474843704e+02
2.414463904331661526e-01 2.113110363662123348e+02 8.751882187474843704e+02
1.359485136318107301e+00 1.189805374867925366e+03 8.751882187474843704e+02
8.200277758461769206e-01 7.176786484662769681e+02 8.751882187474843704e+02
1.539598576364076488e+00 1.347438535634238860e+03 8.751882187474843704e+02
2.204156650217788282e+00 1.929051932544527972e+03 8.751882187474843704e+02
6.848345748680317868e-01 5.993591517154434314e+02 8.751882187474843704e+02
5.096667029991486242e-01 4.460542939527280168e+02 8.751882187474843704e+02
6.270809930127082543e-01 5.488138972851958215e+02 8.751882187474843704e+02
4.550739709530459698e-01 3.982753780367407330e+02 8.751882187474843704e+02
6.582152800421323668e-01 5.760622584924503826e+02 8.751882187474843704e+02
3.735694439387570176e-01 3.269435762192489960e+02 8.751882187474843704e+02
6.159896972614995470e-01 5.391069259130939599e+02 8.751882187474843704e+02
7.514950631777780332e-01 6.576996257400877539e+02 8.751882187474843704e+02
2.861781323861223303e+00 2.504597299274921625e+03 8.751882187474843704e+02
4.286106533215452985e-01 3.751149942166787810e+02 8.751882187474843704e+02
5.936736959851898199e-01 5.195762245065138814e+02 8.751882187474843704e+02
1.071942253843119808e+00 9.381512317411237518e+02 8.751882187474843704e+02
6.197820195677681276e-01 5.424259217172334502e+02 8.751882187474843704e+02
2.010631376279630622e+00 1.759680892763972906e+03 8.751882187474843704e+02
4.560692781506707205e-01 3.991464591701364952e+02 8.751882187474843704e+02
1.509779355246158916e+00 1.321341104619611315e+03 8.751882187474843704e+02
3.081446062168731181e-01 2.696845290315901593e+02 8.751882187474843704e+02
6.176197634032973838e-01 5.405335405961745892e+02 8.751882187474843704e+02
2.093586889020326303e-01 1.832282580194786590e+02 8.751882187474843704e+02
2.022770862860145513e+00 1.770305228400882925e+03 8.751882187474843704e+02
9.969871910202147136e-01 8.725514438230396763e+02 8.751882187474843704e+02
7.165800289174533155e-01 6.271423990982867736e+02 8.751882187474843704e+02
4.012557966966844525e+00 3.511743459730740142e+03 8.751882187474843704e+02
7.745926346892262337e-01 6.779143482085847836e+02 8.751882187474843704e+02
1.090192420929643635e+00 9.541235629654225932e+02 8.751882187474843704e+02
3.313429377372350548e-01 2.899874354728093522e+02 8.751882187474843704e+02
4.670174995450974698e-01 4.087282135507779230e+02 8.751882187474843704e+02
3.017439169184872316e-01 2.640827211657797307e+02 8.751882187474843704e+02
4.898974810547945813e-01 4.287525038132251325e+02 8.751882187474843704e+02
2.105758437400300220e-01 1.842934975940854940e+02 8.751882187474843704e+02
2.468792553680029922e+00 2.160658157512278649e+03 8.751882187474843704e+02
6.060985228856126117e-01 5.304502866297407309e+02 8.751882187474843704e+02
3.167212764090568955e-01 2.771907297398721539e+02 8.751882187474843704e+02
4.103936418931612984e-01 3.591716804337688131e+02 8.751882187474843704e+02
3.593764964105212179e-01 3.145220757532357538e+02 8.751882187474843704e+02
6.842222624952352117e-01 5.988232631405785469e+02 8.751882187474843704e+02
5.138645320628557611e-01 4.497281844936003381e+02 8.751882187474843704e+02
9.350948014084262683e-01 8.183839536046732519e+02 8.751882187474843704e+02
1.303020299259509018e+00 1.140388014700743724e+03 8.751882187474843704e+02
9.400319640480475636e-01 8.227049001809100446e+02 8.751882187474843704e+02
2.908475797290168696e+00 2.545463752300552187e+03 8.751882187474843704e+02
5.752222772935674522e-01 5.034277602484287968e+02 8.751882187474843704e+02
6.204831705429412203e-01 5.430395607902682968e+02 8.751882187474843704e+02
1.514630982712130480e+00 1.325587191819581221e+03 8.751882187474843704e+02
1.194812516450421747e+00 1.045685838009444069e+03 8.751882187474843704e+02
2.301968161896703169e+00 2.014655415223796354e+03 8.751882187474843704e+02
2.473765471818683837e-01 2.165010396880024075e+02 8.751882187474843704e+02
2.375317952878837069e-01 2.078850288138950475e+02 8.751882187474843704e+02
6.646518063068046489e-01 5.816954304489503329e+02 8.751882187474843704e+02
6.534309117273573442e-01 5.718750357092105787e+02 8.751882187474843704e+02
4.920020522309751509e-01 4.305943997121339066e+02 8.751882187474843704e+02
4.716024846333686238e-01 4.127409384831657349e+02 8.751882187474843704e+02
3.341038120523196930e+00 2.924037201468139756e+03 8.751882187474843704e+02
8.033992763432061812e-01 7.031255816058285291e+02 8.751882187474843704e+02
7.472685023285623451e-01 6.540005894790348293e+02 8.751882187474843704e+02
2.019936987110853843e-01 1.767825053731708351e+02 8.751882187474843704e+02
2.067779294071398211e-01 1.809696077141277613e+02 8.751882187474843704e+02
6.151908964025374349e-01 5.384078248122049217e+02 8.751882187474843704e+02
2.621518463754033856e+00 2.294322074706534750e+03 8.751882187474843704e+02
6.845209000746637074e-01 5.990846272317696730e+02 8.751882187474843704e+02
9.331723402811162860e-01 8.167014382750514869e+02 8.751882187474843704e+02
5.362528824308168129e-01 4.693222049728307184e+02 8.751882187474843704e+02
9.989556631268634579e-01 8.742742274197116785e+02 8.751882187474843704e+02
6.961947409952673471e-01 6.093014352730142491e+02 8.751882187474843704e+02
6.377076369763995389e-01 5.581142108870425318e+02 8.751882187474843704e+02
3.028241967617302244e-01 2.650281693575363988e+02 8.751882187474843704e+02
8.026913460673341660e-01 7.025060093686906839e+02 8.751882187474843704e+02
1.274294681590395051e+00 1.115247692540490561e+03 8.751882187474843704e+02
1.236399722405367552e+00 1.082082470711837686e+03 8.751882187474843704e+02
9.973742427004873567e-01 8.728901868936607116e+02 8.751882187474843704e+02
1.193376839828377500e+00 1.044429350743899704e+03 8.751882187474843704e+02
2.586428972756800171e-01 2.263612165583909928e+02 8.751882187474843704e+02
1.125055369977694175e+00 9.846352052430702315e+02 8.751882187474843704e+02
2.298850544307304289e-01 2.011926913038994655e+02 8.751882187474843704e+02
1.285611982246513518e+00 1.125152460742748644e+03 8.751882187474843704e+02
1.590038872628259714e+00 1.391583288674784853e+03 8.751882187474843704e+02
1.160806502166020548e+00 1.015924174941177398e+03 8.751882187474843704e+02
2.579259410167645150e+00 2.257337448872308414e+03 8.751882187474843704e+02
2.272728471131344741e-01 1.989065182346135146e+02 8.751882187474843704e+02
2.512817509799590288e-01 2.199188280438992535e+02 8.751882187474843704e+02
2.373744761939524661e+00 2.077473449963023995e+03 8.751882187474843704e+02
3.554915263981811013e-01 3.111219957682484392e+02 8.751882187474843704e+02
4.050587032005716348e-01 3.545026049422742176e+02 8.751882187474843704e+02
6.965230897428186241e-01 6.095888022285116676e+02 8.751882187474843704e+02
1.746165944160254613e+00 1.528223862307132549e+03 8.751882187474843704e+02
2.389431138874239524e-01 2.091201982251118636e+02 8.751882187474843704e+02
9.492427789234727520e-01 8.307660968449462189e+02 8.751882187474843704e+02
3.269950739663730621e-01 2.861822363238319440e+02 8.751882187474843704e+02
6.920439998664352776e-01 6.056687555379897958e+02 8.751882187474843704e+02
7.961035592316234588e-01 6.967404559424569470e+02 8.751882187474843704e+02
2.567163180704148395e+00 2.246750971354590092e+03 8.751882187474843704e+02
1.326256810058273006e+00 1.160724335196620586e+03 8.751882187474843704e+02
2.215274943604964353e+00 1.938782531929562538e+03 8.751882187474843704e+02
2.049488543606949043e-01 1.793688227822741794e+02 8.751882187474843704e+02
1.759816085840708810e+00 1.540170305490099963e+03 8.751882187474843704e+02
1.387024732413994155e+00 1.213907704920109609e+03 8.751882187474843704e+02
6.108100211972347093e-01 5.345737344447210262e+02 8.751882187474843704e+02
3.588748898026536960e-01 3.140830755595842447e+02 8.751882187474843704e+02
1.634576435358119806e+00 1.430562038867685487e+03 8.751882187474843704e+02
2.076063611124580599e-01 1.816946413826591709e+02 8.751882187474843704e+02
3.871173279619039009e-01 3.388005247052644222e+02 8.751882187474843704e+02
6.104985114541254809e-01 5.343011047875268105e+02 8.751882187474843704e+02
9.587635697949142832e-01 8.390985808487904478e+02 8.751882187474843704e+02
2.309263659315228812e-01 2.021040348614392599e+02 8.751882187474843704e+02
4.445465429653822076e-01 3.890618970882248959e+02 8.751882187474843704e+02
4.223383723981661841e-01 3.696255678478627829e+02 8.751882187474843704e+02
3.267873431431177478e-01 2.860004327546481591e+02 8.751882187474843704e+02
2.042787576722995824e-01 1.787823620551688748e+02 8.751882187474843704e+02
5.927960078023174484e-01 5.188080821491300867e+02 8.751882187474843704e+02
1.900891295875946296e+00 1.663637667270266775e+03 8.751882187474843704e+02
4.162516931780814722e-01 3.642985779031495213e+02 8.751882187474843704e+02
1.347994315385755870e+00 1.179748743764194387e+03 8.751882187474843704e+02
2.009113127142313715e+00 1.758352139005869503e+03 8.751882187474843704e+02
1.829396700615042670e+00 1.601066439793804193e+03 8.751882187474843704e+02
5.284110625443363407e-01 4.624591365946432688e+02 8.751882187474843704e+02
3.641128497916364948e-01 3.186672764322127023e+02 8.751882187474843704e+02
4.445091918061628289e-01 3.890292077937195359e+02 8.751882187474843704e+02
1.418025413277907543e+00 1.241039135585357371e+03 8.751882187474843704e+02
5.501613692187836691e-01 4.814947487502643639e+02 8.751882187474843704e+02
4.621695387597370974e-01 4.044853353864807559e+02 8.751882187474843704e+02
1.717092010857926399e+00 1.502778698408284754e+03 8.751882187474843704e+02
3.088273302867432513e-01 2.702820410941958471e+02 8.751882187474843704e+02
3.623027819385906123e-01 3.170831263720933748e+02 8.751882187474843704e+02
5.554522112268418521e-01 4.861252313429711762e+02 8.751882187474843704e+02
3.660038986678013084e-01 3.203223001297077985e+02 8.751882187474843704e+02
7.799389307856169351e-01 6.825933635660816208e+02 8.751882187474843704e+02
1.577559456505208235e+00 1.380661450707042832e+03 8.751882187474843704e+02
6.327942753355559891e-01 5.538140946645304439e+02 8.751882187474843704e+02
2.168608122423136386e+00 1.897940279824831123e+03 8.751882187474843704e+02
3.303433752782689581e-01 2.891126301848199773e+02 8.751882187474843704e+02
2.983228109201238043e-01 2.610886095009257133e+02 8.751882187474843704e+02
5.152831288664784237e-01 4.509697237032836483e+02 8.751882187474843704e+02
7.916462587990644728e-01 6.928394791164632807e+02 8.751882187474843704e+02
1.624304787798755756e+00 1.421572413936603652e+03 8.751882187474843704e+02
3.808768278979544619e-01 3.333389125702029219e+02 8.751882187474843704e+02
6.098670236552138357e-01 5.337484341056365338e+02 8.751882187474843704e+02
1.547981286714926519e+00 1.354774984974475501e+03 8.751882187474843704e+02
4.177598772798526983e-01 3.656185228607219528e+02 8.751882187474843704e+02
3.235624460767170252e-01 2.831780408354609335e+02 8.751882187474843704e+02
