4.508697622175477648e-01 3.349702884303383712e+02 7.429424558941988153e+02
8.832008925778194186e-01 6.561674401797135943e+02 7.429424558941988153e+02
4.508697622175479869e-01 3.349702884303385417e+02 7.429424558941988153e+02
1.429553419956179905e+00 1.062075928654195195e+03 7.429424558941988153e+02
6.912648742640278288e-01 5.135700233591113602e+02 7.429424558941988153e+02
9.962721112874293183e-01 7.401728490987812847e+02 7.429424558941988153e+02
8.832008925778174202e-01 6.561674401797121163e+02 7.429424558941988153e+02
1.703521498902429876e+00 1.265618446063137981e+03 7.429424558941988153e+02
3.777060324642723677e-01 2.806138473650605079e+02 7.429424558941988153e+02
5.661580636469544237e-01 4.206228622301724727e+02 7.429424558941988153e+02
1.618005451138863515e+00 1.202084943519308354e+03 7.429424558941988153e+02
5.249836702793095888e-01 3.900326573016605494e+02 7.429424558941988153e+02
4.207807824488857262e-01 3.126159079056577639e+02 7.429424558941988153e+02
4.888768945569136326e-01 3.632074006720426951e+02 7.429424558941988153e+02
9.196243944030428885e-01 6.832280060780119584e+02 7.429424558941988153e+02
4.109622732612167595e-01 3.053213205765512157e+02 7.429424558941988153e+02
4.806420158833837331e-01 3.570893596863396056e+02 7.429424558941988153e+02
5.772434772459348329e-01 4.288586866340019128e+02 7.429424558941988153e+02
3.157927763088772988e+00 2.346158607845646657e+03 7.429424558941988153e+02
8.654642308194475664e-01 6.429901211335841253e+02 7.429424558941988153e+02
7.200869496213792020e-01 5.349831668090696439e+02 7.429424558941988153e+02
8.832008925778196406e-01 6.561674401797138216e+02 7.429424558941988153e+02
1.821977061360116279e+00 1.353624112549780193e+03 7.429424558941988153e+02
2.140286794702292994e+00 1.590109927574044377e+03 7.429424558941988153e+02
7.976848448142471737e-01 5.926339376358796471e+02 7.429424558941988153e+02
7.055175488912883708e-01 5.241589404497492524e+02 7.429424558941988153e+02
1.791888081591455517e+00 1.331269732025100438e+03 7.429424558941988153e+02
6.637097033179891747e-01 4.930981169838769915e+02 7.429424558941988153e+02
4.442185140581600966e-01 3.300287937880411278e+02 7.429424558941988153e+02
1.077987445817061074e+00 8.008826404184419516e+02 7.429424558941988153e+02
4.318661960478664130e-01 3.208517323094874314e+02 7.429424558941988153e+02
2.107030553905348658e+00 1.565402454362553726e+03 7.429424558941988153e+02
3.843572806236612571e-01 2.855553420073586608e+02 7.429424558941988153e+02
3.808732934925528335e-01 2.829669400518691873e+02 7.429424558941988153e+02
2.140286794702292994e+00 1.590109927574044377e+03 7.429424558941988153e+02
1.429553419956177462e+00 1.062075928654193376e+03 7.429424558941988153e+02
4.806420158833837331e-01 3.570893596863396056e+02 7.429424558941988153e+02
4.806420158833827894e-01 3.570893596863389234e+02 7.429424558941988153e+02
3.951259681198145413e-01 2.935558571425079322e+02 7.429424558941988153e+02
4.318661960478679118e-01 3.208517323094885114e+02 7.429424558941988153e+02
1.535339938300740892e+00 1.140669224393600189e+03 7.429424558941988153e+02
6.912648742640283839e-01 5.135700233591118149e+02 7.429424558941988153e+02
2.992596737412539731e+00 2.223327169594238967e+03 7.429424558941988153e+02
7.976848448142479509e-01 5.926339376358802156e+02 7.429424558941988153e+02
4.207807824488854487e-01 3.126159079056575365e+02 7.429424558941988153e+02
3.823052579027650388e+00 2.840308072075453310e+03 7.429424558941988153e+02
4.651224368448099167e-01 3.455592055209774571e+02 7.429424558941988153e+02
4.157131648036361260e-01 3.088509596067632401e+02 7.429424558941988153e+02
8.141546021613065287e-01 6.048700196072854851e+02 7.429424558941988153e+02
4.206924615655223576e+00 3.125502905716650275e+03 7.429424558941988153e+02
4.508697622175478203e-01 3.349702884303384280e+02 7.429424558941988153e+02
5.062968302124555287e-01 3.761494104494898920e+02 7.429424558941988153e+02
1.403898605627109220e+00 1.043015877891045875e+03 7.429424558941988153e+02
1.481813226922806592e+00 1.100901957986537582e+03 7.429424558941988153e+02
7.815318135700193292e-01 5.806331649331573317e+02 7.429424558941988153e+02
1.187257951292729263e+00 8.820643381133353387e+02 7.429424558941988153e+02
3.891081721660817894e-01 2.890849810375715379e+02 7.429424558941988153e+02
7.656955084286160007e-01 5.688677014991131955e+02 7.429424558941988153e+02
2.041468250619946634e+00 1.516693435745617080e+03 7.429424558941988153e+02
3.074628798045000000e+00 2.284272270182580996e+03 7.429424558941988153e+02
4.261651261969613413e-01 3.166161654732316038e+02 7.429424558941988153e+02
3.891081721660820114e-01 2.890849810375717084e+02 7.429424558941988153e+02
4.109622732612161489e-01 3.053213205765507610e+02 7.429424558941988153e+02
3.786562107727564630e-01 2.813197751711030605e+02 7.429424558941988153e+02
8.141546021613075279e-01 6.048700196072861672e+02 7.429424558941988153e+02
1.562578383143957916e+00 1.160905821500158481e+03 7.429424558941988153e+02
3.919587070915332427e-01 2.912027644556986274e+02 7.429424558941988153e+02
2.793059292630877266e+00 2.075082330325297789e+03 7.429424558941988153e+02
6.773289257395942453e-01 5.032164155371535230e+02 7.429424558941988153e+02
3.919587070915338534e-01 2.912027644556990822e+02 7.429424558941988153e+02
6.637097033179889527e-01 4.930981169838768210e+02 7.429424558941988153e+02
4.207807824488857262e-01 3.126159079056577639e+02 7.429424558941988153e+02
7.055175488912891479e-01 5.241589404497498208e+02 7.429424558941988153e+02
1.057083523030407424e+00 7.853522286855028369e+02 7.429424558941988153e+02
1.120745469698846364e+00 8.326493916903582431e+02 7.429424558941988153e+02
6.637097033179887307e-01 4.930981169838766505e+02 7.429424558941988153e+02
3.824569240066925668e-01 2.841434863952731575e+02 7.429424558941988153e+02
2.276479018918347919e+00 1.691292913106813785e+03 7.429424558941988153e+02
2.715461397438006852e+00 2.017431559498485967e+03 7.429424558941988153e+02
4.888768945569137991e-01 3.632074006720428088e+02 7.429424558941988153e+02
4.024106684848594018e-01 2.989679703221677300e+02 7.429424558941988153e+02
2.107030553905352654e+00 1.565402454362556682e+03 7.429424558941988153e+02
2.564066320286204181e+00 1.904953729069033898e+03 7.429424558941988153e+02
1.590133554089994350e+00 1.181377727875391201e+03 7.429424558941988153e+02
8.832008925778203068e-01 6.561674401797142764e+02 7.429424558941988153e+02
4.651224368448091395e-01 3.455592055209768887e+02 7.429424558941988153e+02
1.057083523030408534e+00 7.853522286855035190e+02 7.429424558941988153e+02
7.815318135700183300e-01 5.806331649331565359e+02 7.429424558941988153e+02
6.504072069992103966e-01 4.832151276992799467e+02 7.429424558941988153e+02
4.261651261969614524e-01 3.166161654732317174e+02 7.429424558941988153e+02
2.311318890229435485e+00 1.717176932661710907e+03 7.429424558941988153e+02
7.055175488912881487e-01 5.241589404497491387e+02 7.429424558941988153e+02
4.727238633126832346e-01 3.512066279693184470e+02 7.429424558941988153e+02
1.016225855765590769e+00 7.549973330256718782e+02 7.429424558941988153e+02
3.891081721660817894e-01 2.890849810375715379e+02 7.429424558941988153e+02
9.383112344698961715e-01 6.971112529301821041e+02 7.429424558941988153e+02
5.661580636469536465e-01 4.206228622301718474e+02 7.429424558941988153e+02
5.249836702793098109e-01 3.900326573016607199e+02 7.429424558941988153e+02
1.762115827925616385e+00 1.309150660769096930e+03 7.429424558941988153e+02
5.661580636469539796e-01 4.206228622301720748e+02 7.429424558941988153e+02
4.157131648036365146e-01 3.088509596067635243e+02 7.429424558941988153e+02
4.888768945569136326e-01 3.632074006720426951e+02 7.429424558941988153e+02
1.233183236202794575e+00 9.161841820720600253e+02 7.429424558941988153e+02
2.417738860779650167e+00 1.796240846938475897e+03 7.429424558941988153e+02
5.249836702793094778e-01 3.900326573016604925e+02 7.429424558941988153e+02
4.508697622175474873e-01 3.349702884303382007e+02 7.429424558941988153e+02
4.065281078216231858e-01 3.020269908150183937e+02 7.429424558941988153e+02
7.349730764542968808e-01 5.460427024370700337e+02 7.429424558941988153e+02
3.548451047875740283e+00 2.636294936129145754e+03 7.429424558941988153e+02
9.196243944030438877e-01 6.832280060780127542e+02 7.429424558941988153e+02
4.578377364797659443e-01 3.401470923413183414e+02 7.429424558941988153e+02
1.674699423545081389e+00 1.244205302613181857e+03 7.429424558941988153e+02
3.865743633434571280e-01 2.872025068881243897e+02 7.429424558941988153e+02
3.951259681198147633e-01 2.935558571425081027e+02 7.429424558941988153e+02
5.348021794669772788e-01 3.973272446307661312e+02 7.429424558941988153e+02
7.501759293900441827e-01 5.573375473337524681e+02 7.429424558941988153e+02
5.249836702793098109e-01 3.900326573016607199e+02 7.429424558941988153e+02
1.120745469698846808e+00 8.326493916903585841e+02 7.429424558941988153e+02
2.793059292630876378e+00 2.075082330325296880e+03 7.429424558941988153e+02
4.378839920015981102e-01 3.253226084144230299e+02 7.429424558941988153e+02
6.637097033179889527e-01 4.930981169838768210e+02 7.429424558941988153e+02
6.374214367832625738e-01 4.735674476833658559e+02 7.429424558941988153e+02
4.207807824488856707e-01 3.126159079056577070e+02 7.429424558941988153e+02
3.986099552509226873e-01 2.961442590979971783e+02 7.429424558941988153e+02
7.815318135700181079e-01 5.806331649331564222e+02 7.429424558941988153e+02
1.945500241463051116e+00 1.445394727335316020e+03 7.429424558941988153e+02
1.099208094706538130e+00 8.166483614200584498e+02 7.429424558941988153e+02
3.919587070915337979e-01 2.912027644556990253e+02 7.429424558941988153e+02
3.796063890812406139e-01 2.820257029771456700e+02 7.429424558941988153e+02
3.780227585671003254e-01 2.808491566337413019e+02 7.429424558941988153e+02
3.865743633434573501e-01 2.872025068881245602e+02 7.429424558941988153e+02
3.865743633434570725e-01 2.872025068881243328e+02 7.429424558941988153e+02
9.962721112874272089e-01 7.401728490987796931e+02 7.429424558941988153e+02
9.012542804390138995e-01 6.695800684945199919e+02 7.429424558941988153e+02
6.637097033179897299e-01 4.930981169838773326e+02 7.429424558941988153e+02
4.109622732612160934e-01 3.053213205765507041e+02 7.429424558941988153e+02
1.187257951292731928e+00 8.820643381133372714e+02 7.429424558941988153e+02
2.871924092235056403e+00 2.133674338226830514e+03 7.429424558941988153e+02
6.374214367832620187e-01 4.735674476833654580e+02 7.429424558941988153e+02
6.504072069992087313e-01 4.832151276992786961e+02 7.429424558941988153e+02
9.766350929120878321e-01 7.255836744405655736e+02 7.429424558941988153e+02
4.651224368448100832e-01 3.455592055209775708e+02 7.429424558941988153e+02
1.378560517400865937e+00 1.024191136396576667e+03 7.429424558941988153e+02
8.654642308194447908e-01 6.429901211335820790e+02 7.429424558941988153e+02
3.865743633434572946e-01 2.872025068881245033e+02 7.429424558941988153e+02
5.652145822859501401e+00 4.199219098707375451e+03 7.429424558941988153e+02
6.003644827523805239e-01 4.460362632477039142e+02 7.429424558941988153e+02
1.120745469698844810e+00 8.326493916903571062e+02 7.429424558941988153e+02
4.318661960478669126e-01 3.208517323094877725e+02 7.429424558941988153e+02
3.951259681198147633e-01 2.935558571425081027e+02 7.429424558941988153e+02
4.578377364797656668e-01 3.401470923413181140e+02 7.429424558941988153e+02
6.504072069992093974e-01 4.832151276992792077e+02 7.429424558941988153e+02
2.009162188131484506e+00 1.492691890340167447e+03 7.429424558941988153e+02
1.562578383143955252e+00 1.160905821500156435e+03 7.429424558941988153e+02
7.055175488912893700e-01 5.241589404497500482e+02 7.429424558941988153e+02
4.651224368448099167e-01 3.455592055209774571e+02 7.429424558941988153e+02
3.986099552509221877e-01 2.961442590979968372e+02 7.429424558941988153e+02
9.196243944030438877e-01 6.832280060780127542e+02 7.429424558941988153e+02
6.504072069992105076e-01 4.832151276992800035e+02 7.429424558941988153e+02
4.109622732612165930e-01 3.053213205765511020e+02 7.429424558941988153e+02
4.578377364797654447e-01 3.401470923413179435e+02 7.429424558941988153e+02
5.661580636469539796e-01 4.206228622301720748e+02 7.429424558941988153e+02
4.974284993332687699e-01 3.695607509264245323e+02 7.429424558941988153e+02
3.891081721660816228e-01 2.890849810375714242e+02 7.429424558941988153e+02
1.077987445817061518e+00 8.008826404184422927e+02 7.429424558941988153e+02
1.590133554089991019e+00 1.181377727875388700e+03 7.429424558941988153e+02
8.141546021613059736e-01 6.048700196072850304e+02 7.429424558941988153e+02
8.141546021613053075e-01 6.048700196072845756e+02 7.429424558941988153e+02
1.481813226922803484e+00 1.100901957986535308e+03 7.429424558941988153e+02
4.261651261969614524e-01 3.166161654732317174e+02 7.429424558941988153e+02
1.791888081591454629e+00 1.331269732025099756e+03 7.429424558941988153e+02
2.140286794702292994e+00 1.590109927574044377e+03 7.429424558941988153e+02
8.480442951639076687e-01 6.300481113561384063e+02 7.429424558941988153e+02
4.356102610087225990e+00 3.236333571265332921e+03 7.429424558941988153e+02
5.886456169477451983e-01 4.373298203065136249e+02 7.429424558941988153e+02
7.055175488912883708e-01 5.241589404497492524e+02 7.429424558941988153e+02
1.945500241463050006e+00 1.445394727335315110e+03 7.429424558941988153e+02
9.196243944030442208e-01 6.832280060780129816e+02 7.429424558941988153e+02
4.109622732612161489e-01 3.053213205765507610e+02 7.429424558941988153e+02
3.843572806236614792e-01 2.855553420073588313e+02 7.429424558941988153e+02
4.157131648036362925e-01 3.088509596067633538e+02 7.429424558941988153e+02
1.016225855765590547e+00 7.549973330256716508e+02 7.429424558941988153e+02
1.016225855765591435e+00 7.549973330256723330e+02 7.429424558941988153e+02
8.654642308194467892e-01 6.429901211335835569e+02 7.429424558941988153e+02
5.154818871944661929e-01 3.829733792412330331e+02 7.429424558941988153e+02
4.888768945569137991e-01 3.632074006720428088e+02 7.429424558941988153e+02
4.065281078216229083e-01 3.020269908150181664e+02 7.429424558941988153e+02
8.654642308194472333e-01 6.429901211335838980e+02 7.429424558941988153e+02
3.891081721660818449e-01 2.890849810375715947e+02 7.429424558941988153e+02
9.573148006395779674e-01 7.112298090510333850e+02 7.429424558941988153e+02
3.919587070915336313e-01 2.912027644556989117e+02 7.429424558941988153e+02
1.914144357283075415e+00 1.422099109735910815e+03 7.429424558941988153e+02
1.481813226922805038e+00 1.100901957986536445e+03 7.429424558941988153e+02
1.791888081591454629e+00 1.331269732025099756e+03 7.429424558941988153e+02
3.951259681198144857e-01 2.935558571425078753e+02 7.429424558941988153e+02
1.646194074290555420e+00 1.223027468431902435e+03 7.429424558941988153e+02
9.012542804390145657e-01 6.695800684945204466e+02 7.429424558941988153e+02
7.349730764542958816e-01 5.460427024370693516e+02 7.429424558941988153e+02
3.824569240066925668e-01 2.841434863952731575e+02 7.429424558941988153e+02
8.654642308194476774e-01 6.429901211335842390e+02 7.429424558941988153e+02
5.154818871944668590e-01 3.829733792412336015e+02 7.429424558941988153e+02
8.480442951639072247e-01 6.300481113561380653e+02 7.429424558941988153e+02
8.832008925778181974e-01 6.561674401797126848e+02 7.429424558941988153e+02
5.449374147574752580e-01 4.048571412285543261e+02 7.429424558941988153e+02
4.442185140581608183e-01 3.300287937880416962e+02 7.429424558941988153e+02
5.062968302124550846e-01 3.761494104494895510e+02 7.429424558941988153e+02
5.661580636469542016e-01 4.206228622301723021e+02 7.429424558941988153e+02
3.808732934925528335e-01 2.829669400518691873e+02 7.429424558941988153e+02
1.852382767231609106e+00 1.376213802343143698e+03 7.429424558941988153e+02
7.055175488912877046e-01 5.241589404497487976e+02 7.429424558941988153e+02
2.381948811160083945e+00 1.769650899577540031e+03 7.429424558941988153e+02
6.374214367832615746e-01 4.735674476833651738e+02 7.429424558941988153e+02
4.727238633126840117e-01 3.512066279693190154e+02 7.429424558941988153e+02
3.780227585671003809e-01 2.808491566337413587e+02 7.429424558941988153e+02
5.661580636469538685e-01 4.206228622301720179e+02 7.429424558941988153e+02
2.453845636502051342e+00 1.823066103568097560e+03 7.429424558941988153e+02
6.773289257395932461e-01 5.032164155371528409e+02 7.429424558941988153e+02
1.353539155277450723e+00 1.005601704170788594e+03 7.429424558941988153e+02
3.780227585671003254e-01 2.808491566337413019e+02 7.429424558941988153e+02
1.618005451138862849e+00 1.202084943519307899e+03 7.429424558941988153e+02
1.353539155277451611e+00 1.005601704170789276e+03 7.429424558941988153e+02
3.780227585671003809e-01 2.808491566337413587e+02 7.429424558941988153e+02
2.871924092235056403e+00 2.133674338226830514e+03 7.429424558941988153e+02
4.974284993332683813e-01 3.695607509264242481e+02 7.429424558941988153e+02
1.036496326346587615e+00 7.700571262212488364e+02 7.429424558941988153e+02
6.504072069992111738e-01 4.832151276992804583e+02 7.429424558941988153e+02
7.815318135700186630e-01 5.806331649331567633e+02 7.429424558941988153e+02
1.590133554089992129e+00 1.181377727875389610e+03 7.429424558941988153e+02
4.727238633126828460e-01 3.512066279693181627e+02 7.429424558941988153e+02
6.773289257395928020e-01 5.032164155371524998e+02 7.429424558941988153e+02
1.481813226922801263e+00 1.100901957986533716e+03 7.429424558941988153e+02
2.346475487643343349e+00 1.743296261485283367e+03 7.429424558941988153e+02
1.164770397991943485e+00 8.653573800369978244e+02 7.429424558941988153e+02
4.378839920015984433e-01 3.253226084144232573e+02 7.429424558941988153e+02
1.057083523030409866e+00 7.853522286855045422e+02 7.429424558941988153e+02
3.843572806236612571e-01 2.855553420073586608e+02 7.429424558941988153e+02
2.639130406656447381e+00 1.960722025746396639e+03 7.429424558941988153e+02
7.501759293900427394e-01 5.573375473337514450e+02 7.429424558941988153e+02
1.233183236202796795e+00 9.161841820720617307e+02 7.429424558941988153e+02
5.062968302124557507e-01 3.761494104494900625e+02 7.429424558941988153e+02
2.564066320286203293e+00 1.904953729069033216e+03 7.429424558941988153e+02
3.824569240066928444e-01 2.841434863952733281e+02 7.429424558941988153e+02
1.914144357283077635e+00 1.422099109735912407e+03 7.429424558941988153e+02
3.780227585671003254e-01 2.808491566337413019e+02 7.429424558941988153e+02
4.806420158833841771e-01 3.570893596863399466e+02 7.429424558941988153e+02
3.786562107727566295e-01 2.813197751711031742e+02 7.429424558941988153e+02
6.637097033179909511e-01 4.930981169838782421e+02 7.429424558941988153e+02
9.196243944030425554e-01 6.832280060780117310e+02 7.429424558941988153e+02
4.651224368448096946e-01 3.455592055209772866e+02 7.429424558941988153e+02
5.772434772459350549e-01 4.288586866340020265e+02 7.429424558941988153e+02
9.962721112874288742e-01 7.401728490987809437e+02 7.429424558941988153e+02
3.777060324642723677e-01 2.806138473650605079e+02 7.429424558941988153e+02
2.715461397438006852e+00 2.017431559498485967e+03 7.429424558941988153e+02
3.371717882497697882e+00 2.504992364205227204e+03 7.429424558941988153e+02
6.912648742640294941e-01 5.135700233591126107e+02 7.429424558941988153e+02
2.639130406656450045e+00 1.960722025746398458e+03 7.429424558941988153e+02
5.154818871944671921e-01 3.829733792412337721e+02 7.429424558941988153e+02
6.374214367832625738e-01 4.735674476833658559e+02 7.429424558941988153e+02
3.986099552509224653e-01 2.961442590979970078e+02 7.429424558941988153e+02
9.573148006395799658e-01 7.112298090510348629e+02 7.429424558941988153e+02
3.777060324642723677e-01 2.806138473650605079e+02 7.429424558941988153e+02
3.808732934925528335e-01 2.829669400518691873e+02 7.429424558941988153e+02
6.124000746598473599e-01 4.549780154575776692e+02 7.429424558941988153e+02
4.442185140581604297e-01 3.300287937880414120e+02 7.429424558941988153e+02
1.481813226922804594e+00 1.100901957986536218e+03 7.429424558941988153e+02
4.806420158833839551e-01 3.570893596863397761e+02 7.429424558941988153e+02
5.553893761507995297e-01 4.126223470950219507e+02 7.429424558941988153e+02
9.573148006395786336e-01 7.112298090510338398e+02 7.429424558941988153e+02
6.374214367832625738e-01 4.735674476833658559e+02 7.429424558941988153e+02
1.535339938300744445e+00 1.140669224393602690e+03 7.429424558941988153e+02
1.077987445817060408e+00 8.008826404184413832e+02 7.429424558941988153e+02
4.378839920015990539e-01 3.253226084144237120e+02 7.429424558941988153e+02
3.796063890812404473e-01 2.820257029771455564e+02 7.429424558941988153e+02
6.374214367832620187e-01 4.735674476833655149e+02 7.429424558941988153e+02
2.381948811160086610e+00 1.769650899577541850e+03 7.429424558941988153e+02
1.618005451138861295e+00 1.202084943519306762e+03 7.429424558941988153e+02
1.429553419956179905e+00 1.062075928654195195e+03 7.429424558941988153e+02
4.806420158833832335e-01 3.570893596863392645e+02 7.429424558941988153e+02
4.109622732612163709e-01 3.053213205765509315e+02 7.429424558941988153e+02
4.356102610087233096e+00 3.236333571265338833e+03 7.429424558941988153e+02
6.247523926701390451e-01 4.641550769361299444e+02 7.429424558941988153e+02
3.638717987181733005e+00 2.703358077703192521e+03 7.429424558941988153e+02
3.919587070915332983e-01 2.912027644556986843e+02 7.429424558941988153e+02
1.256620967812072331e+00 9.335970679544459472e+02 7.429424558941988153e+02
9.573148006395787446e-01 7.112298090510339534e+02 7.429424558941988153e+02
7.656955084286160007e-01 5.688677014991131955e+02 7.429424558941988153e+02
6.003644827523799687e-01 4.460362632477035163e+02 7.429424558941988153e+02
2.207749454604664319e+00 1.640230801803067379e+03 7.429424558941988153e+02
3.951259681198145413e-01 2.935558571425079322e+02 7.429424558941988153e+02
3.869928042246199684e+00 2.875133843840220379e+03 7.429424558941988153e+02
1.304446609339111607e+00 9.691287675252600593e+02 7.429424558941988153e+02
9.573148006395787446e-01 7.112298090510339534e+02 7.429424558941988153e+02
1.703521498902428988e+00 1.265618446063137299e+03 7.429424558941988153e+02
3.843572806236612571e-01 2.855553420073586608e+02 7.429424558941988153e+02
6.247523926701391561e-01 4.641550769361300581e+02 7.429424558941988153e+02
3.786562107727566295e-01 2.813197751711031742e+02 7.429424558941988153e+02
4.378839920015986653e-01 3.253226084144234278e+02 7.429424558941988153e+02
1.508418219560360152e+00 1.120667936555728829e+03 7.429424558941988153e+02
4.378839920015984433e-01 3.253226084144232573e+02 7.429424558941988153e+02
4.109622732612165930e-01 3.053213205765511020e+02 7.429424558941988153e+02
8.309410856111919541e-01 6.173414108473706392e+02 7.429424558941988153e+02
8.832008925778184194e-01 6.561674401797129121e+02 7.429424558941988153e+02
6.247523926701391561e-01 4.641550769361300581e+02 7.429424558941988153e+02
1.852382767231610883e+00 1.376213802343145062e+03 7.429424558941988153e+02
3.808732934925528335e-01 2.829669400518691873e+02 7.429424558941988153e+02
3.919587070915337979e-01 2.912027644556990253e+02 7.429424558941988153e+02
7.815318135700207725e-01 5.806331649331583549e+02 7.429424558941988153e+02
9.573148006395779674e-01 7.112298090510333850e+02 7.429424558941988153e+02
6.247523926701393782e-01 4.641550769361302287e+02 7.429424558941988153e+02
4.727238633126835676e-01 3.512066279693186743e+02 7.429424558941988153e+02
7.349730764542948824e-01 5.460427024370685558e+02 7.429424558941988153e+02
4.060597156148673115e+00 3.016790023586094776e+03 7.429424558941988153e+02
6.003644827523797467e-01 4.460362632477034026e+02 7.429424558941988153e+02
9.962721112874288742e-01 7.401728490987809437e+02 7.429424558941988153e+02
1.535339938300740892e+00 1.140669224393600189e+03 7.429424558941988153e+02
3.780227585671003254e-01 2.808491566337413019e+02 7.429424558941988153e+02
1.187257951292731262e+00 8.820643381133368166e+02 7.429424558941988153e+02
1.210062230696351993e+00 8.990066054583602408e+02 7.429424558941988153e+02
3.808732934925528335e-01 2.829669400518691873e+02 7.429424558941988153e+02
2.241955873710096192e+00 1.665644202820603141e+03 7.429424558941988153e+02
5.553893761507995297e-01 4.126223470950219507e+02 7.429424558941988153e+02
3.780227585671003254e-01 2.808491566337413019e+02 7.429424558941988153e+02
6.504072069992103966e-01 4.832151276992799467e+02 7.429424558941988153e+02
1.187257951292731262e+00 8.820643381133368166e+02 7.429424558941988153e+02
5.249836702793091447e-01 3.900326573016602083e+02 7.429424558941988153e+02
5.348021794669767237e-01 3.973272446307657901e+02 7.429424558941988153e+02
5.553893761508000848e-01 4.126223470950223486e+02 7.429424558941988153e+02
4.318661960478669681e-01 3.208517323094878293e+02 7.429424558941988153e+02
4.727238633126831235e-01 3.512066279693183333e+02 7.429424558941988153e+02
7.349730764542955486e-01 5.460427024370691242e+02 7.429424558941988153e+02
4.065281078216233523e-01 3.020269908150185074e+02 7.429424558941988153e+02
4.727238633126840117e-01 3.512066279693190154e+02 7.429424558941988153e+02
6.003644827523810790e-01 4.460362632477043690e+02 7.429424558941988153e+02
6.247523926701388230e-01 4.641550769361297739e+02 7.429424558941988153e+02
6.247523926701401553e-01 4.641550769361307971e+02 7.429424558941988153e+02
3.808732934925528335e-01 2.829669400518691873e+02 7.429424558941988153e+02
3.808732934925527225e-01 2.829669400518690736e+02 7.429424558941988153e+02
3.796063890812404473e-01 2.820257029771455564e+02 7.429424558941988153e+02
6.912648742640296051e-01 5.135700233591127244e+02 7.429424558941988153e+02
7.976848448142477288e-01 5.926339376358801019e+02 7.429424558941988153e+02
1.256620967812073886e+00 9.335970679544471977e+02 7.429424558941988153e+02
4.974284993332689364e-01 3.695607509264246460e+02 7.429424558941988153e+02
9.962721112874280971e-01 7.401728490987803752e+02 7.429424558941988153e+02
7.055175488912883708e-01 5.241589404497492524e+02 7.429424558941988153e+02
2.107030553905348658e+00 1.565402454362553726e+03 7.429424558941988153e+02
3.843572806236612571e-01 2.855553420073586608e+02 7.429424558941988153e+02
4.578377364797658888e-01 3.401470923413182845e+02 7.429424558941988153e+02
3.951259681198147633e-01 2.935558571425081027e+02 7.429424558941988153e+02
4.727238633126833456e-01 3.512066279693185038e+02 7.429424558941988153e+02
3.777060324642723677e-01 2.806138473650605079e+02 7.429424558941988153e+02
8.654642308194451239e-01 6.429901211335823064e+02 7.429424558941988153e+02
3.808732934925529445e-01 2.829669400518692441e+02 7.429424558941988153e+02
3.865743633434572946e-01 2.872025068881245033e+02 7.429424558941988153e+02
2.074091039211230836e+00 1.540930290419742960e+03 7.429424558941988153e+02
3.919587070915335203e-01 2.912027644556988548e+02 7.429424558941988153e+02
5.661580636469542016e-01 4.206228622301723021e+02 7.429424558941988153e+02
3.891081721660820114e-01 2.890849810375717084e+02 7.429424558941988153e+02
8.832008925778188635e-01 6.561674401797132532e+02 7.429424558941988153e+02
4.888768945569138547e-01 3.632074006720428656e+02 7.429424558941988153e+02
3.824569240066926779e-01 2.841434863952732144e+02 7.429424558941988153e+02
1.562578383143956140e+00 1.160905821500157117e+03 7.429424558941988153e+02
4.578377364797657223e-01 3.401470923413181708e+02 7.429424558941988153e+02
1.378560517400864827e+00 1.024191136396575985e+03 7.429424558941988153e+02
1.646194074290554532e+00 1.223027468431901752e+03 7.429424558941988153e+02
7.349730764542955486e-01 5.460427024370691242e+02 7.429424558941988153e+02
7.200869496213805343e-01 5.349831668090706671e+02 7.429424558941988153e+02
5.553893761507985305e-01 4.126223470950212686e+02 7.429424558941988153e+02
8.832008925778181974e-01 6.561674401797126848e+02 7.429424558941988153e+02
3.986099552509222987e-01 2.961442590979968941e+02 7.429424558941988153e+02
1.016225855765592545e+00 7.549973330256731288e+02 7.429424558941988153e+02
1.703521498902431208e+00 1.265618446063138890e+03 7.429424558941988153e+02
3.786562107727564630e-01 2.813197751711030605e+02 7.429424558941988153e+02
3.786562107727564630e-01 2.813197751711030605e+02 7.429424558941988153e+02
1.378560517400865937e+00 1.024191136396576667e+03 7.429424558941988153e+02
4.727238633126831235e-01 3.512066279693183333e+02 7.429424558941988153e+02
3.843572806236612571e-01 2.855553420073586608e+02 7.429424558941988153e+02
6.504072069992107297e-01 4.832151276992801741e+02 7.429424558941988153e+02
7.200869496213805343e-01 5.349831668090706671e+02 7.429424558941988153e+02
5.449374147574759242e-01 4.048571412285547808e+02 7.429424558941988153e+02
3.865743633434571280e-01 2.872025068881243897e+02 7.429424558941988153e+02
1.077987445817060186e+00 8.008826404184412695e+02 7.429424558941988153e+02
8.654642308194467892e-01 6.429901211335835569e+02 7.429424558941988153e+02
2.832333329381553355e+00 2.104260679641723982e+03 7.429424558941988153e+02
2.417738860779652832e+00 1.796240846938477716e+03 7.429424558941988153e+02
1.481813226922804594e+00 1.100901957986536218e+03 7.429424558941988153e+02
3.986099552509221877e-01 2.961442590979968372e+02 7.429424558941988153e+02
4.974284993332695470e-01 3.695607509264251007e+02 7.429424558941988153e+02
5.553893761507993077e-01 4.126223470950217802e+02 7.429424558941988153e+02
4.727238633126837897e-01 3.512066279693188449e+02 7.429424558941988153e+02
3.796063890812404473e-01 2.820257029771455564e+02 7.429424558941988153e+02
6.504072069992109517e-01 4.832151276992802877e+02 7.429424558941988153e+02
6.504072069992109517e-01 4.832151276992802877e+02 7.429424558941988153e+02
4.508697622175475983e-01 3.349702884303382575e+02 7.429424558941988153e+02
6.912648742640287169e-01 5.135700233591120423e+02 7.429424558941988153e+02
6.504072069992109517e-01 4.832151276992802877e+02 7.429424558941988153e+02
1.036496326346588059e+00 7.700571262212491774e+02 7.429424558941988153e+02
5.449374147574751470e-01 4.048571412285542124e+02 7.429424558941988153e+02
5.553893761508000848e-01 4.126223470950224055e+02 7.429424558941988153e+02
3.548451047875742059e+00 2.636294936129147118e+03 7.429424558941988153e+02
3.865743633434572946e-01 2.872025068881245033e+02 7.429424558941988153e+02
3.780227585671003254e-01 2.808491566337413019e+02 7.429424558941988153e+02
8.480442951639068916e-01 6.300481113561378379e+02 7.429424558941988153e+02
1.187257951292729929e+00 8.820643381133359071e+02 7.429424558941988153e+02
4.457138236889372607e+00 3.311397227974529869e+03 7.429424558941988153e+02
1.210062230696352215e+00 8.990066054583604682e+02 7.429424558941988153e+02
9.383112344698961715e-01 6.971112529301821041e+02 7.429424558941988153e+02
2.241955873710095304e+00 1.665644202820602459e+03 7.429424558941988153e+02
3.796063890812406139e-01 2.820257029771456700e+02 7.429424558941988153e+02
1.099208094706537686e+00 8.166483614200582224e+02 7.429424558941988153e+02
1.378560517400865937e+00 1.024191136396576667e+03 7.429424558941988153e+02
2.241955873710096192e+00 1.665644202820603141e+03 7.429424558941988153e+02
1.187257951292731706e+00 8.820643381133371577e+02 7.429424558941988153e+02
1.142599570793975339e+00 8.488857312293334871e+02 7.429424558941988153e+02
4.974284993332686589e-01 3.695607509264244754e+02 7.429424558941988153e+02
1.646194074290557197e+00 1.223027468431903799e+03 7.429424558941988153e+02
4.207807824488855042e-01 3.126159079056575933e+02 7.429424558941988153e+02
8.141546021613065287e-01 6.048700196072854851e+02 7.429424558941988153e+02
6.504072069992109517e-01 4.832151276992803446e+02 7.429424558941988153e+02
1.535339938300742890e+00 1.140669224393601553e+03 7.429424558941988153e+02
3.891081721660818449e-01 2.890849810375715947e+02 7.429424558941988153e+02
1.057083523030408534e+00 7.853522286855035190e+02 7.429424558941988153e+02
6.912648742640283839e-01 5.135700233591118149e+02 7.429424558941988153e+02
3.780227585671003809e-01 2.808491566337413587e+02 7.429424558941988153e+02
3.786562107727564630e-01 2.813197751711030605e+02 7.429424558941988153e+02
5.348021794669772788e-01 3.973272446307661880e+02 7.429424558941988153e+02
6.124000746598470268e-01 4.549780154575774986e+02 7.429424558941988153e+02
1.762115827925616829e+00 1.309150660769097158e+03 7.429424558941988153e+02
2.107030553905349546e+00 1.565402454362554408e+03 7.429424558941988153e+02
2.241955873710093972e+00 1.665644202820601322e+03 7.429424558941988153e+02
6.124000746598482481e-01 4.549780154575783513e+02 7.429424558941988153e+02
6.504072069992103966e-01 4.832151276992799467e+02 7.429424558941988153e+02
4.442185140581595970e-01 3.300287937880407867e+02 7.429424558941988153e+02
9.196243944030416673e-01 6.832280060780110489e+02 7.429424558941988153e+02
6.124000746598474709e-01 4.549780154575777829e+02 7.429424558941988153e+02
5.348021794669779450e-01 3.973272446307666996e+02 7.429424558941988153e+02
3.796063890812404473e-01 2.820257029771455564e+02 7.429424558941988153e+02
2.346475487643344238e+00 1.743296261485284049e+03 7.429424558941988153e+02
1.481813226922803484e+00 1.100901957986535308e+03 7.429424558941988153e+02
2.417738860779651944e+00 1.796240846938477034e+03 7.429424558941988153e+02
1.328834519256863578e+00 9.872475812136812010e+02 7.429424558941988153e+02
4.065281078216231858e-01 3.020269908150183937e+02 7.429424558941988153e+02
1.590133554089991019e+00 1.181377727875388700e+03 7.429424558941988153e+02
4.508697622175478203e-01 3.349702884303384280e+02 7.429424558941988153e+02
9.962721112874267648e-01 7.401728490987793521e+02 7.429424558941988153e+02
4.508697622175482089e-01 3.349702884303387123e+02 7.429424558941988153e+02
3.865743633434573501e-01 2.872025068881245602e+02 7.429424558941988153e+02
1.280375425524171940e+00 9.512452631055082293e+02 7.429424558941988153e+02
1.703521498902432096e+00 1.265618446063139572e+03 7.429424558941988153e+02
5.062968302124555287e-01 3.761494104494898920e+02 7.429424558941988153e+02
6.003644827523804128e-01 4.460362632477038574e+02 7.429424558941988153e+02
7.976848448142463965e-01 5.926339376358790787e+02 7.429424558941988153e+02
1.791888081591455517e+00 1.331269732025100438e+03 7.429424558941988153e+02
8.480442951639065585e-01 6.300481113561376105e+02 7.429424558941988153e+02
7.656955084286152236e-01 5.688677014991126271e+02 7.429424558941988153e+02
5.553893761507998628e-01 4.126223470950222350e+02 7.429424558941988153e+02
1.455524960388081990e+00 1.081371288686028038e+03 7.429424558941988153e+02
1.674699423545080501e+00 1.244205302613181175e+03 7.429424558941988153e+02
2.009162188131484506e+00 1.492691890340167447e+03 7.429424558941988153e+02
1.099208094706539018e+00 8.166483614200591319e+02 7.429424558941988153e+02
1.256620967812072776e+00 9.335970679544462882e+02 7.429424558941988153e+02
2.992596737412539731e+00 2.223327169594238967e+03 7.429424558941988153e+02
5.553893761507993077e-01 4.126223470950217802e+02 7.429424558941988153e+02
1.618005451138861295e+00 1.202084943519306762e+03 7.429424558941988153e+02
3.843572806236610906e-01 2.855553420073585471e+02 7.429424558941988153e+02
7.656955084286155566e-01 5.688677014991128544e+02 7.429424558941988153e+02
9.573148006395796328e-01 7.112298090510346356e+02 7.429424558941988153e+02
8.141546021613064177e-01 6.048700196072853714e+02 7.429424558941988153e+02
8.309410856111916210e-01 6.173414108473704118e+02 7.429424558941988153e+02
3.951259681198144857e-01 2.935558571425078753e+02 7.429424558941988153e+02
4.157131648036359040e-01 3.088509596067630696e+02 7.429424558941988153e+02
4.378839920015986653e-01 3.253226084144234278e+02 7.429424558941988153e+02
5.348021794669765017e-01 3.973272446307656196e+02 7.429424558941988153e+02
4.261651261969614524e-01 3.166161654732317174e+02 7.429424558941988153e+02
7.976848448142475068e-01 5.926339376358798745e+02 7.429424558941988153e+02
3.116119917515467463e+00 2.315097784379769564e+03 7.429424558941988153e+02
1.618005451138861961e+00 1.202084943519307217e+03 7.429424558941988153e+02
5.154818871944678582e-01 3.829733792412342837e+02 7.429424558941988153e+02
3.074628798045000888e+00 2.284272270182581451e+03 7.429424558941988153e+02
1.142599570793978891e+00 8.488857312293361019e+02 7.429424558941988153e+02
8.654642308194472333e-01 6.429901211335838980e+02 7.429424558941988153e+02
2.911831581191390406e+00 2.163323306080619659e+03 7.429424558941988153e+02
6.003644827523813010e-01 4.460362632477045395e+02 7.429424558941988153e+02
2.639130406656451378e+00 1.960722025746399595e+03 7.429424558941988153e+02
5.249836702793091447e-01 3.900326573016602083e+02 7.429424558941988153e+02
4.109622732612163154e-01 3.053213205765508746e+02 7.429424558941988153e+02
6.374214367832627959e-01 4.735674476833660265e+02 7.429424558941988153e+02
6.680555478742097542e+00 4.963268294114099263e+03 7.429424558941988153e+02
7.656955084286163338e-01 5.688677014991134229e+02 7.429424558941988153e+02
1.280375425524174382e+00 9.512452631055100483e+02 7.429424558941988153e+02
1.077987445817061740e+00 8.008826404184424064e+02 7.429424558941988153e+02
3.891081721660818449e-01 2.890849810375715947e+02 7.429424558941988153e+02
8.654642308194462341e-01 6.429901211335831022e+02 7.429424558941988153e+02
4.065281078216231858e-01 3.020269908150183937e+02 7.429424558941988153e+02
3.986099552509220767e-01 2.961442590979967235e+02 7.429424558941988153e+02
4.157131648036362925e-01 3.088509596067633538e+02 7.429424558941988153e+02
3.780227585671003809e-01 2.808491566337413587e+02 7.429424558941988153e+02
5.348021794669775009e-01 3.973272446307663017e+02 7.429424558941988153e+02
4.065281078216234079e-01 3.020269908150185643e+02 7.429424558941988153e+02
9.012542804390138995e-01 6.695800684945199919e+02 7.429424558941988153e+02
3.865743633434570725e-01 2.872025068881243328e+02 7.429424558941988153e+02
3.919587070915336313e-01 2.912027644556989117e+02 7.429424558941988153e+02
1.077987445817061074e+00 8.008826404184419516e+02 7.429424558941988153e+02
8.480442951639055593e-01 6.300481113561368147e+02 7.429424558941988153e+02
9.012542804390150097e-01 6.695800684945207877e+02 7.429424558941988153e+02
1.280375425524174382e+00 9.512452631055099346e+02 7.429424558941988153e+02
5.089956990339757681e+00 3.781545146798864607e+03 7.429424558941988153e+02
4.806420158833834555e-01 3.570893596863394350e+02 7.429424558941988153e+02
2.074091039211233944e+00 1.540930290419745006e+03 7.429424558941988153e+02
9.962721112874280971e-01 7.401728490987803752e+02 7.429424558941988153e+02
1.233183236202797461e+00 9.161841820720621854e+02 7.429424558941988153e+02
7.976848448142467296e-01 5.926339376358793061e+02 7.429424558941988153e+02
1.481813226922804372e+00 1.100901957986535990e+03 7.429424558941988153e+02
4.207807824488855042e-01 3.126159079056575933e+02 7.429424558941988153e+02
3.074628798045003553e+00 2.284272270182583725e+03 7.429424558941988153e+02
4.318661960478674122e-01 3.208517323094881704e+02 7.429424558941988153e+02
3.824569240066928444e-01 2.841434863952733281e+02 7.429424558941988153e+02
5.423469576617675258e+00 4.029325806719806224e+03 7.429424558941988153e+02
1.187257951292729263e+00 8.820643381133353387e+02 7.429424558941988153e+02
4.442185140581607627e-01 3.300287937880416393e+02 7.429424558941988153e+02
7.815318135700195512e-01 5.806331649331574454e+02 7.429424558941988153e+02
