-3.000000000000000000e+01 1.408420476879057242e+06
-2.993993993993993996e+01 1.420240724813033361e+06
-2.987987987987987992e+01 1.432186161445640028e+06
-2.981981981981981988e+01 1.444258392185856588e+06
-2.975975975975975985e+01 1.456459046663258690e+06
-2.969969969969969981e+01 1.468789779148870846e+06
-2.963963963963963977e+01 1.481252268984261435e+06
-2.957957957957957973e+01 1.493848221019147430e+06
-2.951951951951951969e+01 1.506579366057606880e+06
-2.945945945945945965e+01 1.519447461313177831e+06
-2.939939939939939961e+01 1.532454290872965241e+06
-2.933933933933933957e+01 1.545601666170997778e+06
-2.927927927927927954e+01 1.558891426471042680e+06
-2.921921921921921950e+01 1.572325439359054668e+06
-2.915915915915915946e+01 1.585905601245519007e+06
-2.909909909909909942e+01 1.599633837877875892e+06
-2.903903903903903938e+01 1.613512104863262502e+06
-2.897897897897897934e+01 1.627542388201825554e+06
-2.891891891891891930e+01 1.641726704830797855e+06
-2.885885885885885926e+01 1.656067103179651778e+06
-2.879879879879879923e+01 1.670565663736477261e+06
-2.873873873873873919e+01 1.685224499625969678e+06
-2.867867867867867915e+01 1.700045757199171465e+06
-2.861861861861861911e+01 1.715031616635318380e+06
-2.855855855855855907e+01 1.730184292556006927e+06
-2.849849849849849903e+01 1.745506034652040806e+06
-2.843843843843843899e+01 1.760999128323157551e+06
-2.837837837837837895e+01 1.776665895330996020e+06
-2.831831831831831892e+01 1.792508694465614157e+06
-2.825825825825825888e+01 1.808529922225800576e+06
-2.819819819819819884e+01 1.824732013513589976e+06
-2.813813813813813880e+01 1.841117442343262956e+06
-2.807807807807807876e+01 1.857688722565161530e+06
-2.801801801801801872e+01 1.874448408604697790e+06
-2.795795795795795868e+01 1.891399096216892824e+06
-2.789789789789789864e+01 1.908543423256807029e+06
-2.783783783783783861e+01 1.925884070466260891e+06
-2.777777777777777857e+01 1.943423762277185917e+06
-2.771771771771771853e+01 1.961165267632055329e+06
-2.765765765765765849e+01 1.979111400821765885e+06
-2.759759759759759845e+01 1.997265022341362666e+06
-2.753753753753753841e+01 2.015629039764109300e+06
-2.747747747747747837e+01 2.034206408634257037e+06
-2.741741741741741833e+01 2.053000133378998842e+06
-2.735735735735735830e+01 2.072013268240107223e+06
-2.729729729729729826e+01 2.091248918225642294e+06
-2.723723723723723822e+01 2.110710240082287230e+06
-2.717717717717717818e+01 2.130400443288790528e+06
-2.711711711711711814e+01 2.150322791071014013e+06
-2.705705705705705810e+01 2.170480601439126767e+06
-2.699699699699699806e+01 2.190877248247465119e+06
-2.693693693693693803e+01 2.211516162277654745e+06
-2.687687687687687799e+01 2.232400832345514558e+06
-2.681681681681681795e+01 2.253534806432353798e+06
-2.675675675675675791e+01 2.274921692841274664e+06
-2.669669669669669787e+01 2.296565161379049532e+06
-2.663663663663663783e+01 2.318468944564279169e+06
-2.657657657657657779e+01 2.340636838862409815e+06
-2.651651651651651775e+01 2.363072705948338844e+06
-2.645645645645645772e+01 2.385780473997240886e+06
-2.639639639639639768e+01 2.408764139004372526e+06
-2.633633633633633764e+01 2.432027766134559643e+06
-2.627627627627627760e+01 2.455575491102081724e+06
-2.621621621621621756e+01 2.479411521581798326e+06
-2.615615615615615752e+01 2.503540138652212918e+06
-2.609609609609609748e+01 2.527965698271371424e+06
-2.603603603603603744e+01 2.552692632786345668e+06
-2.597597597597597741e+01 2.577725452477230690e+06
-2.591591591591591737e+01 2.603068747136504389e+06
-2.585585585585585733e+01 2.628727187684624456e+06
-2.579579579579579729e+01 2.654705527822874486e+06
-2.573573573573573725e+01 2.681008605724310968e+06
-2.567567567567567721e+01 2.707641345763907302e+06
-2.561561561561561717e+01 2.734608760288800579e+06
-2.555555555555555713e+01 2.761915951429779641e+06
-2.549549549549549710e+01 2.789568112955010030e+06
-2.543543543543543706e+01 2.817570532167135272e+06
-2.537537537537537702e+01 2.845928591844890732e+06
-2.531531531531531698e+01 2.874647772230369970e+06
-2.525525525525525694e+01 2.903733653063195292e+06
-2.519519519519519690e+01 2.933191915662744083e+06
-2.513513513513513686e+01 2.963028345059801824e+06
-2.507507507507507682e+01 2.993248832178878598e+06
-2.501501501501501679e+01 3.023859376072539017e+06
-2.495495495495495675e+01 3.054866086209212430e+06
-2.489489489489489671e+01 3.086275184815773740e+06
-2.483483483483483667e+01 3.118093009276491590e+06
-2.477477477477477663e+01 3.150326014589797240e+06
-2.471471471471471659e+01 3.182980775884418748e+06
-2.465465465465465655e+01 3.216063990996528417e+06
-2.459459459459459651e+01 3.249582483109521680e+06
-2.453453453453453648e+01 3.283543203458142467e+06
-2.447447447447447644e+01 3.317953234098691959e+06
-2.441441441441441640e+01 3.352819790747178253e+06
-2.435435435435435636e+01 3.388150225687153637e+06
-2.429429429429429632e+01 3.423952030749305151e+06
-2.423423423423423628e+01 3.460232840364641510e+06
-2.417417417417417624e+01 3.497000434693393763e+06
-2.411411411411411621e+01 3.534262742831667420e+06
-2.405405405405405617e+01 3.572027846098058857e+06
-2.399399399399399613e+01 3.610303981402416714e+06
-2.393393393393393609e+01 3.649099544699074235e+06
-2.387387387387387605e+01 3.688423094526905566e+06
-2.381381381381381601e+01 3.728283355638631620e+06
-2.375375375375375597e+01 3.768689222721900791e+06
-2.369369369369369593e+01 3.809649764214776456e+06
-2.363363363363363590e+01 3.851174226218208671e+06
-2.357357357357357230e+01 3.893272036508332007e+06
-2.351351351351351227e+01 3.935952808651402593e+06
-2.345345345345345223e+01 3.979226346224314068e+06
-2.339339339339339219e+01 4.023102647143671755e+06
-2.333333333333333215e+01 4.067591908106639050e+06
-2.327327327327327211e+01 4.112704529146675020e+06
-2.321321321321321207e+01 4.158451118307514582e+06
-2.315315315315315203e+01 4.204842496438907459e+06
-2.309309309309309199e+01 4.251889702117475681e+06
-2.303303303303303196e+01 4.299603996696522459e+06
-2.297297297297297192e+01 4.347996869488422759e+06
-2.291291291291291188e+01 4.397080043083576486e+06
-2.285285285285285184e+01 4.446865478809865192e+06
-2.279279279279279180e+01 4.497365382336828858e+06
-2.273273273273273176e+01 4.548592209428779781e+06
-2.267267267267267172e+01 4.600558671851288527e+06
-2.261261261261261168e+01 4.653277743435675278e+06
-2.255255255255255165e+01 4.706762666306044906e+06
-2.249249249249249161e+01 4.761026957273997366e+06
-2.243243243243243157e+01 4.816084414405739866e+06
-2.237237237237237153e+01 4.871949123767080717e+06
-2.231231231231231149e+01 4.928635466351432726e+06
-2.225225225225225145e+01 4.986158125196537003e+06
-2.219219219219219141e+01 5.044532092695578933e+06
-2.213213213213213137e+01 5.103772678108576685e+06
-2.207207207207207134e+01 5.163895515280263498e+06
-2.201201201201201130e+01 5.224916570570662618e+06
-2.195195195195195126e+01 5.286852151005042717e+06
-2.189189189189189122e+01 5.349718912649871781e+06
-2.183183183183183118e+01 5.413533869221870787e+06
-2.177177177177177114e+01 5.478314400937331840e+06
-2.171171171171171110e+01 5.544078263609180227e+06
-2.165165165165165106e+01 5.610843597999605350e+06
-2.159159159159159103e+01 5.678628939436097629e+06
-2.153153153153153099e+01 5.747453227699288167e+06
-2.147147147147147095e+01 5.817335817191140726e+06
-2.141141141141141091e+01 5.888296487392267212e+06
-2.135135135135135087e+01 5.960355453617637977e+06
-2.129129129129129083e+01 6.033533378080116585e+06
-2.123123123123123079e+01 6.107851381271586753e+06
-2.117117117117117076e+01 6.183331053671952337e+06
-2.111111111111111072e+01 6.259994467796374112e+06
-2.105105105105105068e+01 6.337864190591805615e+06
-2.099099099099099064e+01 6.416963296193912625e+06
-2.093093093093093060e+01 6.497315379056185484e+06
-2.087087087087087056e+01 6.578944567463255487e+06
-2.081081081081081052e+01 6.661875537441004999e+06
-2.075075075075075048e+01 6.746133527076329105e+06
-2.069069069069069045e+01 6.831744351260093972e+06
-2.063063063063063041e+01 6.918734416867112741e+06
-2.057057057057057037e+01 7.007130738387629390e+06
-2.051051051051051033e+01 7.096960954025181942e+06
-2.045045045045045029e+01 7.188253342276369222e+06
-2.039039039039039025e+01 7.281036839008575305e+06
-2.033033033033033021e+01 7.375341055052218027e+06
-2.027027027027027017e+01 7.471196294324809685e+06
-2.021021021021021014e+01 7.568633572504739277e+06
-2.015015015015015010e+01 7.667684636273181066e+06
-2.009009009009009006e+01 7.768381983143514022e+06
-2.003003003003003002e+01 7.870758881897998974e+06
-1.996996996996996998e+01 7.974849393652516417e+06
-1.990990990990990994e+01 8.080688393570801243e+06
-1.984984984984984990e+01 8.188311593250261620e+06
-1.978978978978978986e+01 8.297755563802674413e+06
-1.972972972972972983e+01 8.409057759653475136e+06
-1.966966966966966979e+01 8.522256543084729463e+06
-1.960960960960960975e+01 8.637391209547299892e+06
-1.954954954954954971e+01 8.754502013769192621e+06
-1.948948948948948967e+01 8.873630196687733755e+06
-1.942942942942942963e+01 8.994818013234432787e+06
-1.936936936936936959e+01 9.118108761002544314e+06
-1.930930930930930955e+01 9.243546809828320518e+06
-1.924924924924924952e+01 9.371177632318254560e+06
-1.918918918918918948e+01 9.501047835355928168e+06
-1.912912912912912944e+01 9.633205192623157054e+06
-1.906906906906906940e+01 9.767698678171735257e+06
-1.900900900900900936e+01 9.904578501083282754e+06
-1.894894894894894932e+01 1.004389614125623927e+07
-1.888888888888888928e+01 1.018570438636063226e+07
-1.882882882882882924e+01 1.033005737000278197e+07
-1.876876876876876921e+01 1.047701061114367470e+07
-1.870870870870870917e+01 1.062662105481671914e+07
-1.864864864864864913e+01 1.077894711419201829e+07
-1.858858858858858909e+01 1.093404871403666213e+07
-1.852852852852852905e+01 1.109198733562192693e+07
-1.846846846846846901e+01 1.125282606313088536e+07
-1.840840840840840897e+01 1.141662963162155077e+07
-1.834834834834834894e+01 1.158346447660324350e+07
-1.828828828828828890e+01 1.175339878528611548e+07
-1.822822822822822886e+01 1.192650254956589453e+07
-1.816816816816816882e+01 1.210284762080891617e+07
-1.810810810810810878e+01 1.228250776650470123e+07
-1.804804804804804874e+01 1.246555872885632329e+07
-1.798798798798798870e+01 1.265207828538146242e+07
-1.792792792792792866e+01 1.284214631160026789e+07
-1.786786786786786863e+01 1.303584484588907100e+07
-1.780780780780780859e+01 1.323325815658218600e+07
-1.774774774774774855e+01 1.343447281140764430e+07
-1.768768768768768851e+01 1.363957774934596382e+07
-1.762762762762762847e+01 1.384866435500498675e+07
-1.756756756756756843e+01 1.406182653560733236e+07
-1.750750750750750839e+01 1.427916080069144629e+07
-1.744744744744744835e+01 1.450076634463099018e+07
-1.738738738738738832e+01 1.472674513208189234e+07
-1.732732732732732828e+01 1.495720198647093214e+07
-1.726726726726726824e+01 1.519224468164438009e+07
-1.720720720720720820e+01 1.543198403680027090e+07
-1.714714714714714461e+01 1.567653401483298838e+07
-1.708708708708708457e+01 1.592601182422414422e+07
-1.702702702702702453e+01 1.618053802461980283e+07
-1.696696696696696449e+01 1.644023663623921573e+07
-1.690690690690690445e+01 1.670523525326710381e+07
-1.684684684684684441e+01 1.697566516138758138e+07
-1.678678678678678438e+01 1.725166145962443575e+07
-1.672672672672672434e+01 1.753336318665950745e+07
-1.666666666666666430e+01 1.782091345180847496e+07
-1.660660660660660426e+01 1.811445957084029913e+07
-1.654654654654654422e+01 1.841415320683524758e+07
-1.648648648648648418e+01 1.872015051628398523e+07
-1.642642642642642414e+01 1.903261230063941330e+07
-1.636636636636636410e+01 1.935170416354130581e+07
-1.630630630630630407e+01 1.967759667394391447e+07
-1.624624624624624403e+01 2.001046553538582474e+07
-1.618618618618618399e+01 2.035049176165164635e+07
-1.612612612612612395e+01 2.069786185908626020e+07
-1.606606606606606391e+01 2.105276801583253592e+07
-1.600600600600600387e+01 2.141540829827575386e+07
-1.594594594594594561e+01 2.178598685498959199e+07
-1.588588588588588557e+01 2.216471412849102169e+07
-1.582582582582582553e+01 2.255180707512444630e+07
-1.576576576576576549e+01 2.294748939340955019e+07
-1.570570570570570545e+01 2.335199176120032743e+07
-1.564564564564564542e+01 2.376555208201871812e+07
-1.558558558558558538e+01 2.418841574094042182e+07
-1.552552552552552534e+01 2.462083587042707205e+07
-1.546546546546546530e+01 2.506307362651515752e+07
-1.540540540540540526e+01 2.551539847578917071e+07
-1.534534534534534522e+01 2.597808849358431250e+07
-1.528528528528528518e+01 2.645143067388263345e+07
-1.522522522522522515e+01 2.693572125138524175e+07
-1.516516516516516511e+01 2.743126603626360744e+07
-1.510510510510510507e+01 2.793838076211280376e+07
-1.504504504504504503e+01 2.845739144765158370e+07
-1.498498498498498499e+01 2.898863477273515984e+07
-1.492492492492492495e+01 2.953245846927002072e+07
-1.486486486486486491e+01 3.008922172764337808e+07
-1.480480480480480487e+01 3.065929561930315942e+07
-1.474474474474474484e+01 3.124306353615067527e+07
-1.468468468468468480e+01 3.184092164743177965e+07
-1.462462462462462476e+01 3.245327937484036013e+07
-1.456456456456456472e+01 3.308055988657335564e+07
-1.450450450450450468e+01 3.372320061110453308e+07
-1.444444444444444464e+01 3.438165377147219330e+07
-1.438438438438438460e+01 3.505638694090429693e+07
-1.432432432432432456e+01 3.574788362063363194e+07
-1.426426426426426453e+01 3.645664384078457952e+07
-1.420420420420420449e+01 3.718318478524277359e+07
-1.414414414414414445e+01 3.792804144144897163e+07
-1.408408408408408441e+01 3.869176727608735859e+07
-1.402402402402402437e+01 3.947493493766897917e+07
-1.396396396396396256e+01 4.027813698703986406e+07
-1.390390390390390252e+01 4.110198665687195957e+07
-1.384384384384384248e+01 4.194711864122395962e+07
-1.378378378378378244e+01 4.281418991628473997e+07
-1.372372372372372240e+01 4.370388059343947470e+07
-1.366366366366366236e+01 4.461689480582131445e+07
-1.360360360360360232e+01 4.555396162953422964e+07
-1.354354354354354228e+01 4.651583604075182974e+07
-1.348348348348348225e+01 4.750329990991400927e+07
-1.342342342342342221e+01 4.851716303425548226e+07
-1.336336336336336217e+01 4.955826420990952104e+07
-1.330330330330330213e+01 5.062747234483404458e+07
-1.324324324324324209e+01 5.172568761380456388e+07
-1.318318318318318205e+01 5.285384265671105683e+07
-1.312312312312312201e+01 5.401290382137727737e+07
-1.306306306306306197e+01 5.520387245209851116e+07
-1.300300300300300194e+01 5.642778622505544126e+07
-1.294294294294294190e+01 5.768572053171676397e+07
-1.288288288288288186e+01 5.897878991128157079e+07
-1.282282282282282182e+01 6.030814953313775361e+07
-1.276276276276276178e+01 6.167499673021942377e+07
-1.270270270270270174e+01 6.308057258403543383e+07
-1.264264264264264170e+01 6.452616356200661510e+07
-1.258258258258258167e+01 6.601310320759184659e+07
-1.252252252252252163e+01 6.754277388349629939e+07
-1.246246246246246159e+01 6.911660856804013252e+07
-1.240240240240240155e+01 7.073609270451197028e+07
-1.234234234234234151e+01 7.240276610304328799e+07
-1.228228228228228147e+01 7.411822489420402050e+07
-1.222222222222222143e+01 7.588412353313829005e+07
-1.216216216216216139e+01 7.770217685262195766e+07
-1.210210210210210136e+01 7.957416216292598844e+07
-1.204204204204204132e+01 8.150192139580765367e+07
-1.198198198198198128e+01 8.348736328931011260e+07
-1.192192192192192124e+01 8.553246560933308303e+07
-1.186186186186186120e+01 8.763927740312328935e+07
-1.180180180180180116e+01 8.980992127892044187e+07
-1.174174174174174112e+01 9.204659570497098565e+07
-1.168168168168168108e+01 9.435157731997367740e+07
-1.162162162162162105e+01 9.672722324573823810e+07
-1.156156156156156101e+01 9.917597339140993357e+07
-1.150150150150150097e+01 1.017003527370159924e+08
-1.144144144144144093e+01 1.043029735823205709e+08
-1.138138138138138089e+01 1.069865377450083941e+08
-1.132132132132132085e+01 1.097538386900374889e+08
-1.126126126126126081e+01 1.126077635695942640e+08
-1.120120120120120077e+01 1.155512951504229605e+08
-1.114114114114114074e+01 1.185875136023734063e+08
-1.108108108108108070e+01 1.217195981187873632e+08
-1.102102102102102066e+01 1.249508283358089030e+08
-1.096096096096096062e+01 1.282845855138305426e+08
-1.090090090090090058e+01 1.317243534400576800e+08
-1.084084084084084054e+01 1.352737190065588951e+08
-1.078078078078078050e+01 1.389363724131565690e+08
-1.072072072072072046e+01 1.427161069390735328e+08
-1.066066066066066043e+01 1.466168182213702202e+08
-1.060060060060060039e+01 1.506425029718717933e+08
-1.054054054054054035e+01 1.547972570574784577e+08
-1.048048048048048031e+01 1.590852728614701927e+08
-1.042042042042042027e+01 1.635108358356612325e+08
-1.036036036036036023e+01 1.680783201450369954e+08
-1.030030030030030019e+01 1.727921832978302538e+08
-1.024024024024024015e+01 1.776569596449052691e+08
-1.018018018018018012e+01 1.826772526228547394e+08
-1.012012012012012008e+01 1.878577256054431796e+08
-1.006006006006006004e+01 1.932030912180382609e+08
-1.000000000000000000e+01 1.987180989595689178e+08
-9.939939939939939961e+00 2.044075209664734900e+08
-9.879879879879879923e+00 2.102761357432312965e+08
-9.819819819819819884e+00 2.163287096746207774e+08
-9.759759759759759845e+00 2.225699761260639727e+08
-9.699699699699699806e+00 2.290046119306250513e+08
-9.639639639639639768e+00 2.356372110547689497e+08
-9.579579579579579729e+00 2.424722552303003669e+08
-9.519519519519519690e+00 2.495140813374536037e+08
-9.459459459459459651e+00 2.567668453244682252e+08
-9.399399399399399613e+00 2.642344824527742267e+08
-9.339339339339339574e+00 2.719206636648359299e+08
-9.279279279279279535e+00 2.798287478845325112e+08
-9.219219219219219497e+00 2.879617300785362720e+08
-9.159159159159159458e+00 2.963221849323941469e+08
-9.099099099099099419e+00 3.049122060278863311e+08
-9.039039039039039380e+00 3.137333404497379661e+08
-8.978978978978979342e+00 3.227865188009046316e+08
-8.918918918918919303e+00 3.320719806674687266e+08
-8.858858858858859264e+00 3.415891956476336718e+08
-8.798798798798799226e+00 3.513367801452891827e+08
-8.738738738738739187e+00 3.613124102279149890e+08
-8.678678678678679148e+00 3.715127309618057013e+08
-8.618618618618619109e+00 3.819332627651301622e+08
-8.558558558558559071e+00 3.925683054613443613e+08
-8.498498498498499032e+00 4.034108408718433380e+08
-8.438438438438438993e+00 4.144524349571007490e+08
-8.378378378378378954e+00 4.256831406993514299e+08
-8.318318318318318916e+00 4.370914031165000796e+08
-8.258258258258258877e+00 4.486639680059860349e+08
-8.198198198198198838e+00 4.603857962389437556e+08
-8.138138138138138800e+00 4.722399856606127024e+08
-8.078078078078078761e+00 4.842077029060608149e+08
-8.018018018018018722e+00 4.962681277178848386e+08
-7.957957957957958683e+00 5.083984126667467356e+08
-7.897897897897898645e+00 5.205736615459191203e+08
-7.837837837837838606e+00 5.327669301670849919e+08
-7.777777777777778567e+00 5.449492538690003157e+08
-7.717717717717718529e+00 5.570897068211281300e+08
-7.657657657657658490e+00 5.691554992339766026e+08
-7.597597597597598451e+00 5.811121199593627453e+08
-7.537537537537538412e+00 5.929235337517529726e+08
-7.477477477477478374e+00 6.045524446920261383e+08
-7.417417417417418335e+00 6.159606398421103954e+08
-7.357357357357358296e+00 6.271094297164652348e+08
-7.297297297297298257e+00 6.379602037080960274e+08
-7.237237237237238219e+00 6.484751173831763268e+08
-7.177177177177178180e+00 6.586179214292927980e+08
-7.117117117117118141e+00 6.683549243019195795e+08
-7.057057057057058103e+00 6.776560465155757666e+08
-6.996996996996998064e+00 6.864958698010598421e+08
-6.936936936936938025e+00 6.948545122507089376e+08
-6.876876876876877986e+00 7.027180917283201218e+08
-6.816816816816817948e+00 7.100785207890133858e+08
-6.756756756756757909e+00 7.169324714787418842e+08
-6.696696696696697870e+00 7.232795942260388136e+08
-6.636636636636637832e+00 7.291204036679985523e+08
-6.576576576576577793e+00 7.344544536142473221e+08
-6.516516516516517754e+00 7.392793047917351723e+08
-6.456456456456457715e+00 7.435903618292429447e+08
-6.396396396396397677e+00 7.473812209221494198e+08
-6.336336336336337638e+00 7.506440364456453323e+08
-6.276276276276277599e+00 7.533696281006348133e+08
-6.216216216216217560e+00 7.555474275441403389e+08
-6.156156156156157522e+00 7.571656655433356762e+08
-6.096096096096097483e+00 7.582122206234463453e+08
-6.036036036036037444e+00 7.586762309717648029e+08
-5.975975975975977406e+00 7.585501231870372295e+08
-5.915915915915917367e+00 7.578314679521479607e+08
-5.855855855855857328e+00 7.565241754913762808e+08
-5.795795795795797289e+00 7.546388521629649401e+08
-5.735735735735737251e+00 7.521924263269193172e+08
-5.675675675675677212e+00 7.492072948435434103e+08
-5.615615615615617173e+00 7.457102489532123804e+08
-5.555555555555557135e+00 7.417313739388802052e+08
-5.495495495495497096e+00 7.373030380953338146e+08
-5.435435435435437057e+00 7.324590228184000254e+08
-5.375375375375377018e+00 7.272338046316746473e+08
-5.315315315315316980e+00 7.216619782821786404e+08
-5.255255255255256941e+00 7.157778012831695080e+08
-5.195195195195196902e+00 7.096148388351061344e+08
-5.135135135135136863e+00 7.032056900534818172e+08
-5.075075075075076825e+00 6.965817796126070023e+08
-5.015015015015016786e+00 6.897732021283719540e+08
-4.954954954954956747e+00 6.828086093690688610e+08
-4.894894894894896709e+00 6.757151325748693943e+08
-4.834834834834836670e+00 6.685183338212095499e+08
-4.774774774774776631e+00 6.612421815768874884e+08
-4.714714714714716592e+00 6.539090464906877279e+08
-4.654654654654656554e+00 6.465397140841755867e+08
-4.594594594594596515e+00 6.391534115068335533e+08
-4.534534534534536476e+00 6.317678458772890568e+08
-4.474474474474476438e+00 6.243992520293028355e+08
-4.414414414414416399e+00 6.170624477290006876e+08
-4.354354354354352807e+00 6.097708946469690800e+08
-4.294294294294292769e+00 6.025367635652487278e+08
-4.234234234234232730e+00 5.953710024805691242e+08
-4.174174174174172691e+00 5.882834064342712164e+08
-4.114114114114112652e+00 5.812826880574101210e+08
-4.054054054054052614e+00 5.743765479668709040e+08
-3.993993993993992575e+00 5.675717442847605944e+08
-3.933933933933932536e+00 5.608741606786510944e+08
-3.873873873873872498e+00 5.542888724342094660e+08
-3.813813813813812459e+00 5.478202101743350029e+08
-3.753753753753752420e+00 5.414718209302474260e+08
-3.693693693693692381e+00 5.352467263503608704e+08
-3.633633633633632343e+00 5.291473779027247429e+08
-3.573573573573572304e+00 5.231757089868828058e+08
-3.513513513513512265e+00 5.173331839219627380e+08
-3.453453453453452227e+00 5.116208438203572035e+08
-3.393393393393392188e+00 5.060393493913461566e+08
-3.333333333333332149e+00 5.005890207471974492e+08
-3.273273273273272110e+00 4.952698743064904213e+08
-3.213213213213212072e+00 4.900816569063493609e+08
-3.153153153153152033e+00 4.850238772477030754e+08
-3.093093093093091994e+00 4.800958348062149286e+08
-3.033033033033031955e+00 4.752966463467975855e+08
-2.972972972972971917e+00 4.706252701821513176e+08
-2.912912912912911878e+00 4.660805283160327673e+08
-2.852852852852851839e+00 4.616611266104262471e+08
-2.792792792792791801e+00 4.573656731127765775e+08
-2.732732732732731762e+00 4.531926946753261685e+08
-2.672672672672671723e+00 4.491406519936197996e+08
-2.612612612612611684e+00 4.452079531856468320e+08
-2.552552552552551646e+00 4.413929660270895958e+08
-2.492492492492491607e+00 4.376940289518766403e+08
-2.432432432432431568e+00 4.341094609208626747e+08
-2.372372372372371530e+00 4.306375702550696135e+08
-2.312312312312311491e+00 4.272766625235989690e+08
-2.252252252252251452e+00 4.240250475701712370e+08
-2.192192192192191413e+00 4.208810457562640309e+08
-2.132132132132131375e+00 4.178429934930905104e+08
-2.072072072072071336e+00 4.149092481291849613e+08
-2.012012012012011297e+00 4.120781922551652193e+08
-1.951951951951951258e+00 4.093482374823428988e+08
-1.891891891891891220e+00 4.067178277472349405e+08
-1.831831831831831181e+00 4.041854421897237897e+08
-1.771771771771771142e+00 4.017495976485731602e+08
-1.711711711711711104e+00 3.994088508142672777e+08
-1.651651651651651065e+00 3.971618000756619573e+08
-1.591591591591591026e+00 3.950070870937123895e+08
-1.531531531531530987e+00 3.929433981325795650e+08
-1.471471471471470949e+00 3.909694651756649613e+08
-1.411411411411410910e+00 3.890840668516173363e+08
-1.351351351351350871e+00 3.872860291930264831e+08
-1.291291291291290833e+00 3.855742262484046221e+08
-1.231231231231230794e+00 3.839475805661076307e+08
-1.171171171171170755e+00 3.824050635670700073e+08
-1.111111111111110716e+00 3.809456958215956092e+08
-1.051051051051050678e+00 3.795685472439725995e+08
-9.909909909909906389e-01 3.782727372173091769e+08
-9.309309309309306002e-01 3.770574346597658992e+08
-8.708708708708705615e-01 3.759218580422201753e+08
-8.108108108108105228e-01 3.748652753663781881e+08
-7.507507507507504840e-01 3.738870041114099622e+08
-6.906906906906904453e-01 3.729864111563267708e+08
-6.306306306306304066e-01 3.721629126845425367e+08
-5.705705705705703679e-01 3.714159740763434172e+08
-5.105105105105103291e-01 3.707451097943440676e+08
-4.504504504504502904e-01 3.701498832664037943e+08
-3.903903903903902517e-01 3.696299067699287534e+08
-3.303303303303302130e-01 3.691848413209828138e+08
-2.702702702702701743e-01 3.688143965711513758e+08
-2.102102102102101355e-01 3.685183307146741152e+08
-1.501501501501500968e-01 3.682964504079486728e+08
-9.009009009009005808e-02 3.681486107031213045e+08
-3.003003003003001936e-02 3.680747149971188307e+08
3.003003003003001936e-02 3.680747149971188307e+08
9.009009009009005808e-02 3.681486107031213045e+08
1.501501501501500968e-01 3.682964504079486728e+08
2.102102102102101355e-01 3.685183307146741152e+08
2.702702702702701743e-01 3.688143965711513758e+08
3.303303303303302130e-01 3.691848413209828138e+08
3.903903903903902517e-01 3.696299067699287534e+08
4.504504504504502904e-01 3.701498832664037943e+08
5.105105105105103291e-01 3.707451097943440676e+08
5.705705705705703679e-01 3.714159740763434172e+08
6.306306306306304066e-01 3.721629126845425367e+08
6.906906906906904453e-01 3.729864111563267708e+08
7.507507507507504840e-01 3.738870041114099622e+08
8.108108108108105228e-01 3.748652753663781881e+08
8.708708708708705615e-01 3.759218580422201753e+08
9.309309309309306002e-01 3.770574346597658992e+08
9.909909909909906389e-01 3.782727372173091769e+08
1.051051051051050678e+00 3.795685472439725995e+08
1.111111111111110716e+00 3.809456958215956092e+08
1.171171171171170755e+00 3.824050635670700073e+08
1.231231231231230794e+00 3.839475805661076307e+08
1.291291291291290833e+00 3.855742262484046221e+08
1.351351351351350871e+00 3.872860291930264831e+08
1.411411411411410910e+00 3.890840668516173363e+08
1.471471471471470949e+00 3.909694651756649613e+08
1.531531531531530987e+00 3.929433981325795650e+08
1.591591591591591026e+00 3.950070870937123895e+08
1.651651651651651065e+00 3.971618000756619573e+08
1.711711711711711104e+00 3.994088508142672777e+08
1.771771771771771142e+00 4.017495976485731602e+08
1.831831831831831181e+00 4.041854421897237897e+08
1.891891891891891220e+00 4.067178277472349405e+08
1.951951951951951258e+00 4.093482374823428988e+08
2.012012012012014850e+00 4.120781922551654577e+08
2.072072072072074889e+00 4.149092481291850805e+08
2.132132132132134927e+00 4.178429934930905700e+08
2.192192192192194966e+00 4.208810457562642694e+08
2.252252252252255005e+00 4.240250475701715350e+08
2.312312312312315044e+00 4.272766625235990882e+08
2.372372372372375082e+00 4.306375702550698519e+08
2.432432432432435121e+00 4.341094609208629727e+08
2.492492492492495160e+00 4.376940289518768191e+08
2.552552552552555198e+00 4.413929660270898938e+08
2.612612612612615237e+00 4.452079531856468916e+08
2.672672672672675276e+00 4.491406519936200380e+08
2.732732732732735315e+00 4.531926946753263474e+08
2.792792792792795353e+00 4.573656731127768755e+08
2.852852852852855392e+00 4.616611266104264259e+08
2.912912912912915431e+00 4.660805283160330057e+08
2.972972972972975469e+00 4.706252701821516752e+08
3.033033033033035508e+00 4.752966463467979431e+08
3.093093093093095547e+00 4.800958348062151670e+08
3.153153153153155586e+00 4.850238772477034330e+08
3.213213213213215624e+00 4.900816569063496590e+08
3.273273273273275663e+00 4.952698743064907193e+08
3.333333333333335702e+00 5.005890207471979260e+08
3.393393393393395741e+00 5.060393493913465738e+08
3.453453453453455779e+00 5.116208438203576803e+08
3.513513513513515818e+00 5.173331839219630957e+08
3.573573573573575857e+00 5.231757089868832827e+08
3.633633633633635895e+00 5.291473779027250409e+08
3.693693693693695934e+00 5.352467263503611684e+08
3.753753753753755973e+00 5.414718209302475452e+08
3.813813813813816012e+00 5.478202101743355989e+08
3.873873873873876050e+00 5.542888724342097044e+08
3.933933933933936089e+00 5.608741606786514521e+08
3.993993993993996128e+00 5.675717442847609520e+08
4.054054054054056166e+00 5.743765479668713808e+08
4.114114114114116205e+00 5.812826880574105978e+08
4.174174174174176244e+00 5.882834064342716932e+08
4.234234234234236283e+00 5.953710024805696011e+08
4.294294294294296321e+00 6.025367635652490854e+08
4.354354354354356360e+00 6.097708946469695568e+08
4.414414414414416399e+00 6.170624477290006876e+08
4.474474474474476438e+00 6.243992520293028355e+08
4.534534534534536476e+00 6.317678458772890568e+08
4.594594594594596515e+00 6.391534115068335533e+08
4.654654654654656554e+00 6.465397140841755867e+08
4.714714714714716592e+00 6.539090464906877279e+08
4.774774774774776631e+00 6.612421815768874884e+08
4.834834834834836670e+00 6.685183338212095499e+08
4.894894894894896709e+00 6.757151325748693943e+08
4.954954954954956747e+00 6.828086093690688610e+08
5.015015015015016786e+00 6.897732021283719540e+08
5.075075075075076825e+00 6.965817796126070023e+08
5.135135135135136863e+00 7.032056900534818172e+08
5.195195195195196902e+00 7.096148388351061344e+08
5.255255255255256941e+00 7.157778012831695080e+08
5.315315315315316980e+00 7.216619782821786404e+08
5.375375375375377018e+00 7.272338046316746473e+08
5.435435435435437057e+00 7.324590228184000254e+08
5.495495495495497096e+00 7.373030380953338146e+08
5.555555555555557135e+00 7.417313739388802052e+08
5.615615615615617173e+00 7.457102489532123804e+08
5.675675675675677212e+00 7.492072948435434103e+08
5.735735735735737251e+00 7.521924263269193172e+08
5.795795795795797289e+00 7.546388521629649401e+08
5.855855855855857328e+00 7.565241754913762808e+08
5.915915915915917367e+00 7.578314679521479607e+08
5.975975975975977406e+00 7.585501231870372295e+08
6.036036036036037444e+00 7.586762309717648029e+08
6.096096096096097483e+00 7.582122206234463453e+08
6.156156156156157522e+00 7.571656655433356762e+08
6.216216216216217560e+00 7.555474275441403389e+08
6.276276276276277599e+00 7.533696281006348133e+08
6.336336336336337638e+00 7.506440364456453323e+08
6.396396396396397677e+00 7.473812209221494198e+08
6.456456456456457715e+00 7.435903618292429447e+08
6.516516516516517754e+00 7.392793047917351723e+08
6.576576576576577793e+00 7.344544536142473221e+08
6.636636636636637832e+00 7.291204036679985523e+08
6.696696696696697870e+00 7.232795942260388136e+08
6.756756756756757909e+00 7.169324714787418842e+08
6.816816816816817948e+00 7.100785207890133858e+08
6.876876876876877986e+00 7.027180917283201218e+08
6.936936936936938025e+00 6.948545122507089376e+08
6.996996996996998064e+00 6.864958698010598421e+08
7.057057057057058103e+00 6.776560465155757666e+08
7.117117117117118141e+00 6.683549243019195795e+08
7.177177177177178180e+00 6.586179214292927980e+08
7.237237237237238219e+00 6.484751173831763268e+08
7.297297297297298257e+00 6.379602037080960274e+08
7.357357357357358296e+00 6.271094297164652348e+08
7.417417417417418335e+00 6.159606398421103954e+08
7.477477477477478374e+00 6.045524446920261383e+08
7.537537537537538412e+00 5.929235337517529726e+08
7.597597597597598451e+00 5.811121199593627453e+08
7.657657657657658490e+00 5.691554992339766026e+08
7.717717717717718529e+00 5.570897068211281300e+08
7.777777777777778567e+00 5.449492538690003157e+08
7.837837837837838606e+00 5.327669301670849919e+08
7.897897897897898645e+00 5.205736615459191203e+08
7.957957957957958683e+00 5.083984126667467356e+08
8.018018018018018722e+00 4.962681277178848386e+08
8.078078078078078761e+00 4.842077029060608149e+08
8.138138138138138800e+00 4.722399856606127024e+08
8.198198198198198838e+00 4.603857962389437556e+08
8.258258258258258877e+00 4.486639680059860349e+08
8.318318318318318916e+00 4.370914031165000796e+08
8.378378378378378954e+00 4.256831406993514299e+08
8.438438438438438993e+00 4.144524349571007490e+08
8.498498498498499032e+00 4.034108408718433380e+08
8.558558558558559071e+00 3.925683054613443613e+08
8.618618618618619109e+00 3.819332627651301622e+08
8.678678678678679148e+00 3.715127309618057013e+08
8.738738738738739187e+00 3.613124102279149890e+08
8.798798798798799226e+00 3.513367801452891827e+08
8.858858858858859264e+00 3.415891956476336718e+08
8.918918918918919303e+00 3.320719806674687266e+08
8.978978978978979342e+00 3.227865188009046316e+08
9.039039039039039380e+00 3.137333404497379661e+08
9.099099099099099419e+00 3.049122060278863311e+08
9.159159159159159458e+00 2.963221849323941469e+08
9.219219219219219497e+00 2.879617300785362720e+08
9.279279279279279535e+00 2.798287478845325112e+08
9.339339339339339574e+00 2.719206636648359299e+08
9.399399399399399613e+00 2.642344824527742267e+08
9.459459459459459651e+00 2.567668453244682252e+08
9.519519519519519690e+00 2.495140813374536037e+08
9.579579579579579729e+00 2.424722552303003669e+08
9.639639639639639768e+00 2.356372110547689497e+08
9.699699699699699806e+00 2.290046119306250513e+08
9.759759759759759845e+00 2.225699761260639727e+08
9.819819819819819884e+00 2.163287096746207774e+08
9.879879879879879923e+00 2.102761357432312965e+08
9.939939939939939961e+00 2.044075209664734900e+08
1.000000000000000000e+01 1.987180989595689178e+08
1.006006006006006004e+01 1.932030912180382609e+08
1.012012012012012008e+01 1.878577256054431796e+08
1.018018018018018012e+01 1.826772526228547394e+08
1.024024024024024015e+01 1.776569596449052691e+08
1.030030030030030019e+01 1.727921832978302538e+08
1.036036036036036023e+01 1.680783201450369954e+08
1.042042042042042027e+01 1.635108358356612325e+08
1.048048048048048031e+01 1.590852728614701927e+08
1.054054054054054035e+01 1.547972570574784577e+08
1.060060060060060039e+01 1.506425029718717933e+08
1.066066066066066043e+01 1.466168182213702202e+08
1.072072072072072046e+01 1.427161069390735328e+08
1.078078078078078050e+01 1.389363724131565690e+08
1.084084084084084054e+01 1.352737190065588951e+08
1.090090090090090058e+01 1.317243534400576800e+08
1.096096096096096062e+01 1.282845855138305426e+08
1.102102102102102066e+01 1.249508283358089030e+08
1.108108108108108070e+01 1.217195981187873632e+08
1.114114114114114074e+01 1.185875136023734063e+08
1.120120120120120077e+01 1.155512951504229605e+08
1.126126126126126081e+01 1.126077635695942640e+08
1.132132132132132085e+01 1.097538386900374889e+08
1.138138138138138089e+01 1.069865377450083941e+08
1.144144144144144093e+01 1.043029735823205709e+08
1.150150150150150097e+01 1.017003527370159924e+08
1.156156156156156101e+01 9.917597339140993357e+07
1.162162162162162105e+01 9.672722324573823810e+07
1.168168168168168108e+01 9.435157731997367740e+07
1.174174174174174112e+01 9.204659570497098565e+07
1.180180180180180116e+01 8.980992127892044187e+07
1.186186186186186120e+01 8.763927740312328935e+07
1.192192192192192124e+01 8.553246560933308303e+07
1.198198198198198128e+01 8.348736328931011260e+07
1.204204204204204132e+01 8.150192139580765367e+07
1.210210210210210136e+01 7.957416216292598844e+07
1.216216216216216139e+01 7.770217685262195766e+07
1.222222222222222143e+01 7.588412353313829005e+07
1.228228228228228147e+01 7.411822489420402050e+07
1.234234234234234151e+01 7.240276610304328799e+07
1.240240240240240155e+01 7.073609270451197028e+07
1.246246246246246159e+01 6.911660856804013252e+07
1.252252252252252163e+01 6.754277388349629939e+07
1.258258258258258167e+01 6.601310320759184659e+07
1.264264264264264170e+01 6.452616356200661510e+07
1.270270270270270174e+01 6.308057258403543383e+07
1.276276276276276178e+01 6.167499673021942377e+07
1.282282282282282182e+01 6.030814953313775361e+07
1.288288288288288186e+01 5.897878991128157079e+07
1.294294294294294190e+01 5.768572053171676397e+07
1.300300300300300194e+01 5.642778622505544126e+07
1.306306306306306197e+01 5.520387245209851116e+07
1.312312312312312201e+01 5.401290382137727737e+07
1.318318318318318205e+01 5.285384265671105683e+07
1.324324324324324209e+01 5.172568761380456388e+07
1.330330330330330213e+01 5.062747234483404458e+07
1.336336336336336217e+01 4.955826420990952104e+07
1.342342342342342221e+01 4.851716303425548226e+07
1.348348348348348225e+01 4.750329990991400927e+07
1.354354354354354228e+01 4.651583604075182974e+07
1.360360360360360232e+01 4.555396162953422964e+07
1.366366366366366236e+01 4.461689480582131445e+07
1.372372372372372240e+01 4.370388059343947470e+07
1.378378378378378244e+01 4.281418991628473997e+07
1.384384384384384248e+01 4.194711864122395962e+07
1.390390390390390252e+01 4.110198665687195957e+07
1.396396396396396256e+01 4.027813698703986406e+07
1.402402402402402259e+01 3.947493493766901642e+07
1.408408408408408263e+01 3.869176727608738840e+07
1.414414414414414267e+01 3.792804144144900143e+07
1.420420420420420271e+01 3.718318478524279594e+07
1.426426426426426275e+01 3.645664384078460187e+07
1.432432432432432279e+01 3.574788362063366175e+07
1.438438438438438283e+01 3.505638694090431929e+07
1.444444444444444287e+01 3.438165377147222310e+07
1.450450450450450290e+01 3.372320061110460013e+07
1.456456456456456294e+01 3.308055988657341152e+07
1.462462462462462298e+01 3.245327937484040856e+07
1.468468468468468302e+01 3.184092164743182063e+07
1.474474474474474306e+01 3.124306353615071625e+07
1.480480480480480310e+01 3.065929561930319667e+07
1.486486486486486314e+01 3.008922172764339298e+07
1.492492492492492318e+01 2.953245846927006170e+07
1.498498498498498321e+01 2.898863477273519710e+07
1.504504504504504325e+01 2.845739144765163586e+07
1.510510510510510329e+01 2.793838076211284474e+07
1.516516516516516333e+01 2.743126603626362607e+07
1.522522522522522337e+01 2.693572125138527900e+07
1.528528528528528341e+01 2.645143067388265580e+07
1.534534534534534345e+01 2.597808849358434230e+07
1.540540540540540349e+01 2.551539847578920797e+07
1.546546546546546352e+01 2.506307362651518732e+07
1.552552552552552356e+01 2.462083587042710185e+07
1.558558558558558360e+01 2.418841574094044417e+07
1.564564564564564364e+01 2.376555208201874793e+07
1.570570570570570368e+01 2.335199176120033860e+07
1.576576576576576372e+01 2.294748939340957999e+07
1.582582582582582376e+01 2.255180707512447983e+07
1.588588588588588379e+01 2.216471412849104777e+07
1.594594594594594383e+01 2.178598685498961806e+07
1.600600600600600387e+01 2.141540829827575386e+07
1.606606606606606391e+01 2.105276801583253592e+07
1.612612612612612395e+01 2.069786185908626020e+07
1.618618618618618399e+01 2.035049176165164635e+07
1.624624624624624403e+01 2.001046553538582474e+07
1.630630630630630407e+01 1.967759667394391447e+07
1.636636636636636410e+01 1.935170416354130581e+07
1.642642642642642414e+01 1.903261230063941330e+07
1.648648648648648418e+01 1.872015051628398523e+07
1.654654654654654422e+01 1.841415320683524758e+07
1.660660660660660426e+01 1.811445957084029913e+07
1.666666666666666430e+01 1.782091345180847496e+07
1.672672672672672434e+01 1.753336318665950745e+07
1.678678678678678438e+01 1.725166145962443575e+07
1.684684684684684441e+01 1.697566516138758138e+07
1.690690690690690445e+01 1.670523525326710381e+07
1.696696696696696449e+01 1.644023663623921573e+07
1.702702702702702453e+01 1.618053802461980283e+07
1.708708708708708457e+01 1.592601182422414422e+07
1.714714714714714461e+01 1.567653401483298838e+07
1.720720720720720465e+01 1.543198403680028953e+07
1.726726726726726469e+01 1.519224468164438568e+07
1.732732732732732472e+01 1.495720198647094704e+07
1.738738738738738476e+01 1.472674513208191097e+07
1.744744744744744480e+01 1.450076634463100135e+07
1.750750750750750484e+01 1.427916080069145560e+07
1.756756756756756488e+01 1.406182653560733795e+07
1.762762762762762492e+01 1.384866435500499234e+07
1.768768768768768496e+01 1.363957774934596941e+07
1.774774774774774500e+01 1.343447281140764989e+07
1.780780780780780503e+01 1.323325815658220463e+07
1.786786786786786507e+01 1.303584484588908032e+07
1.792792792792792511e+01 1.284214631160028279e+07
1.798798798798798515e+01 1.265207828538147546e+07
1.804804804804804519e+01 1.246555872885633633e+07
1.810810810810810523e+01 1.228250776650471613e+07
1.816816816816816527e+01 1.210284762080892548e+07
1.822822822822822530e+01 1.192650254956590571e+07
1.828828828828828534e+01 1.175339878528612480e+07
1.834834834834834538e+01 1.158346447660325840e+07
1.840840840840840542e+01 1.141662963162155449e+07
1.846846846846846546e+01 1.125282606313089840e+07
1.852852852852852550e+01 1.109198733562193811e+07
1.858858858858858554e+01 1.093404871403666399e+07
1.864864864864864558e+01 1.077894711419202760e+07
1.870870870870870561e+01 1.062662105481672846e+07
1.876876876876876565e+01 1.047701061114368588e+07
1.882882882882882569e+01 1.033005737000278197e+07
1.888888888888888573e+01 1.018570438636064157e+07
1.894894894894894577e+01 1.004389614125624113e+07
1.900900900900900581e+01 9.904578501083295792e+06
1.906906906906906585e+01 9.767698678171742707e+06
1.912912912912912589e+01 9.633205192623158917e+06
1.918918918918918592e+01 9.501047835355933756e+06
1.924924924924924596e+01 9.371177632318263873e+06
1.930930930930930600e+01 9.243546809828335419e+06
1.936936936936936604e+01 9.118108761002553627e+06
1.942942942942942608e+01 8.994818013234434649e+06
1.948948948948948612e+01 8.873630196687739342e+06
1.954954954954954616e+01 8.754502013769203797e+06
1.960960960960960620e+01 8.637391209547301754e+06
1.966966966966966623e+01 8.522256543084735051e+06
1.972972972972972627e+01 8.409057759653482586e+06
1.978978978978978631e+01 8.297755563802674413e+06
1.984984984984984635e+01 8.188311593250274658e+06
1.990990990990990639e+01 8.080688393570801243e+06
1.996996996996996643e+01 7.974849393652526662e+06
2.003003003003002647e+01 7.870758881898000836e+06
2.009009009009008651e+01 7.768381983143521473e+06
2.015015015015014654e+01 7.667684636273193173e+06
2.021021021021020658e+01 7.568633572504743934e+06
2.027027027027026662e+01 7.471196294324817136e+06
2.033033033033032666e+01 7.375341055052222684e+06
2.039039039039038670e+01 7.281036839008586481e+06
2.045045045045044674e+01 7.188253342276381329e+06
2.051051051051050678e+01 7.096960954025184736e+06
2.057057057057056682e+01 7.007130738387636840e+06
2.063063063063062685e+01 6.918734416867117397e+06
2.069069069069068689e+01 6.831744351260100491e+06
2.075075075075074693e+01 6.746133527076331899e+06
2.081081081081080697e+01 6.661875537441004999e+06
2.087087087087086701e+01 6.578944567463260144e+06
2.093093093093092705e+01 6.497315379056187347e+06
2.099099099099098709e+01 6.416963296193920076e+06
2.105105105105104712e+01 6.337864190591812134e+06
2.111111111111110716e+01 6.259994467796375044e+06
2.117117117117116720e+01 6.183331053671955131e+06
2.123123123123122724e+01 6.107851381271593273e+06
2.129129129129129439e+01 6.033533378080111928e+06
2.135135135135135442e+01 5.960355453617635183e+06
2.141141141141141446e+01 5.888296487392262556e+06
2.147147147147147450e+01 5.817335817191133276e+06
2.153153153153153454e+01 5.747453227699283510e+06
2.159159159159159458e+01 5.678628939436094835e+06
2.165165165165165462e+01 5.610843597999604419e+06
2.171171171171171466e+01 5.544078263609174639e+06
2.177177177177177470e+01 5.478314400937324390e+06
2.183183183183183473e+01 5.413533869221868925e+06
2.189189189189189477e+01 5.349718912649869919e+06
2.195195195195195481e+01 5.286852151005040854e+06
2.201201201201201485e+01 5.224916570570656098e+06
2.207207207207207489e+01 5.163895515280257910e+06
2.213213213213213493e+01 5.103772678108575754e+06
2.219219219219219497e+01 5.044532092695573345e+06
2.225225225225225500e+01 4.986158125196536072e+06
2.231231231231231504e+01 4.928635466351429000e+06
2.237237237237237508e+01 4.871949123767077923e+06
2.243243243243243512e+01 4.816084414405737072e+06
2.249249249249249516e+01 4.761026957273991778e+06
2.255255255255255520e+01 4.706762666306043044e+06
2.261261261261261524e+01 4.653277743435671553e+06
2.267267267267267528e+01 4.600558671851285733e+06
2.273273273273273531e+01 4.548592209428776987e+06
2.279279279279279535e+01 4.497365382336826064e+06
2.285285285285285539e+01 4.446865478809859604e+06
2.291291291291291543e+01 4.397080043083571829e+06
2.297297297297297547e+01 4.347996869488418102e+06
2.303303303303303551e+01 4.299603996696519665e+06
2.309309309309309555e+01 4.251889702117475681e+06
2.315315315315315559e+01 4.204842496438903734e+06
2.321321321321321562e+01 4.158451118307513185e+06
2.327327327327327566e+01 4.112704529146672226e+06
2.333333333333333570e+01 4.067591908106637187e+06
2.339339339339339574e+01 4.023102647143670823e+06
2.345345345345345578e+01 3.979226346224304289e+06
2.351351351351351582e+01 3.935952808651401661e+06
2.357357357357357586e+01 3.893272036508329213e+06
2.363363363363363590e+01 3.851174226218208671e+06
2.369369369369369593e+01 3.809649764214776456e+06
2.375375375375375597e+01 3.768689222721900791e+06
2.381381381381381601e+01 3.728283355638631620e+06
2.387387387387387605e+01 3.688423094526905566e+06
2.393393393393393609e+01 3.649099544699074235e+06
2.399399399399399613e+01 3.610303981402416714e+06
2.405405405405405617e+01 3.572027846098058857e+06
2.411411411411411621e+01 3.534262742831667420e+06
2.417417417417417624e+01 3.497000434693393763e+06
2.423423423423423628e+01 3.460232840364641510e+06
2.429429429429429632e+01 3.423952030749305151e+06
2.435435435435435636e+01 3.388150225687153637e+06
2.441441441441441640e+01 3.352819790747178253e+06
2.447447447447447644e+01 3.317953234098691959e+06
2.453453453453453648e+01 3.283543203458142467e+06
2.459459459459459651e+01 3.249582483109521680e+06
2.465465465465465655e+01 3.216063990996528417e+06
2.471471471471471659e+01 3.182980775884418748e+06
2.477477477477477663e+01 3.150326014589797240e+06
2.483483483483483667e+01 3.118093009276491590e+06
2.489489489489489671e+01 3.086275184815773740e+06
2.495495495495495675e+01 3.054866086209212430e+06
2.501501501501501679e+01 3.023859376072539017e+06
2.507507507507507682e+01 2.993248832178878598e+06
2.513513513513513686e+01 2.963028345059801824e+06
2.519519519519519690e+01 2.933191915662744083e+06
2.525525525525525694e+01 2.903733653063195292e+06
2.531531531531531698e+01 2.874647772230369970e+06
2.537537537537537702e+01 2.845928591844890732e+06
2.543543543543543706e+01 2.817570532167135272e+06
2.549549549549549710e+01 2.789568112955010030e+06
2.555555555555555713e+01 2.761915951429779641e+06
2.561561561561561717e+01 2.734608760288800579e+06
2.567567567567567721e+01 2.707641345763907302e+06
2.573573573573573725e+01 2.681008605724310968e+06
2.579579579579579729e+01 2.654705527822874486e+06
2.585585585585585733e+01 2.628727187684624456e+06
2.591591591591591737e+01 2.603068747136504389e+06
2.597597597597597741e+01 2.577725452477230690e+06
2.603603603603603744e+01 2.552692632786345668e+06
2.609609609609609748e+01 2.527965698271371424e+06
2.615615615615615752e+01 2.503540138652212918e+06
2.621621621621621756e+01 2.479411521581798326e+06
2.627627627627627760e+01 2.455575491102081724e+06
2.633633633633633764e+01 2.432027766134559643e+06
2.639639639639639768e+01 2.408764139004372526e+06
2.645645645645645772e+01 2.385780473997240886e+06
2.651651651651651775e+01 2.363072705948338844e+06
2.657657657657657779e+01 2.340636838862409815e+06
2.663663663663663783e+01 2.318468944564279169e+06
2.669669669669669787e+01 2.296565161379049532e+06
2.675675675675675791e+01 2.274921692841274664e+06
2.681681681681681795e+01 2.253534806432353798e+06
2.687687687687687799e+01 2.232400832345514558e+06
2.693693693693693803e+01 2.211516162277654745e+06
2.699699699699699806e+01 2.190877248247465119e+06
2.705705705705705810e+01 2.170480601439126767e+06
2.711711711711711814e+01 2.150322791071014013e+06
2.717717717717717818e+01 2.130400443288790528e+06
2.723723723723723822e+01 2.110710240082287230e+06
2.729729729729729826e+01 2.091248918225642294e+06
2.735735735735735830e+01 2.072013268240107223e+06
2.741741741741741833e+01 2.053000133378998842e+06
2.747747747747747837e+01 2.034206408634257037e+06
2.753753753753753841e+01 2.015629039764109300e+06
2.759759759759759845e+01 1.997265022341362666e+06
2.765765765765765849e+01 1.979111400821765885e+06
2.771771771771771853e+01 1.961165267632055329e+06
2.777777777777777857e+01 1.943423762277185917e+06
2.783783783783783861e+01 1.925884070466260891e+06
2.789789789789789864e+01 1.908543423256807029e+06
2.795795795795795868e+01 1.891399096216892824e+06
2.801801801801801872e+01 1.874448408604697790e+06
2.807807807807807876e+01 1.857688722565161530e+06
2.813813813813813880e+01 1.841117442343262956e+06
2.819819819819819884e+01 1.824732013513589976e+06
2.825825825825825888e+01 1.808529922225800576e+06
2.831831831831831892e+01 1.792508694465614157e+06
2.837837837837837895e+01 1.776665895330996020e+06
2.843843843843843899e+01 1.760999128323157551e+06
2.849849849849849903e+01 1.745506034652040806e+06
2.855855855855855907e+01 1.730184292556006927e+06
2.861861861861861911e+01 1.715031616635318380e+06
2.867867867867867915e+01 1.700045757199171465e+06
2.873873873873873919e+01 1.685224499625969678e+06
2.879879879879879923e+01 1.670565663736477261e+06
2.885885885885885926e+01 1.656067103179651778e+06
2.891891891891891930e+01 1.641726704830797855e+06
2.897897897897897934e+01 1.627542388201825554e+06
2.903903903903903938e+01 1.613512104863262502e+06
2.909909909909909942e+01 1.599633837877875892e+06
2.915915915915915946e+01 1.585905601245519007e+06
2.921921921921921950e+01 1.572325439359054668e+06
2.927927927927927954e+01 1.558891426471042680e+06
2.933933933933933957e+01 1.545601666170997778e+06
2.939939939939939961e+01 1.532454290872965241e+06
2.945945945945945965e+01 1.519447461313177831e+06
2.951951951951951969e+01 1.506579366057606880e+06
2.957957957957957973e+01 1.493848221019147430e+06
2.963963963963963977e+01 1.481252268984261435e+06
2.969969969969969981e+01 1.468789779148870846e+06
2.975975975975975985e+01 1.456459046663258690e+06
2.981981981981981988e+01 1.444258392185856588e+06
2.987987987987987992e+01 1.432186161445640028e+06
2.993993993993993996e+01 1.420240724813033361e+06
3.000000000000000000e+01 1.408420476879057242e+06
